8.024409544679815554e+01 1.241295349403457537e+00 1.435463842220599062e+01
8.019430241051863106e+01 1.096664231799366895e+00 1.407913318724129503e+01
8.027550523496469737e+01 1.019113708302897603e+00 1.376150474799123380e+01
8.013123934745556198e+01 1.246043340637935204e+00 1.417214511809106448e+01
8.057901144387631120e+01 1.478086194302410616e+00 1.462819576333089877e+01
8.057438519600681559e+01 1.343681519357194931e+00 1.444363282201119958e+01
8.055600194789383295e+01 1.252008765522279132e+00 1.425797419040662284e+01
8.101229607986364556e+01 1.577307036766496307e+00 1.505514974433893371e+01
8.108363769174580682e+01 1.666423179936693533e+00 1.501619186754321866e+01
8.067433649866082135e+01 1.342951059167275307e+00 1.431933284635987391e+01
8.061736060384708935e+01 1.356951546140735321e+00 1.432736790844898955e+01
8.090260530801072036e+01 1.819211102994886753e+00 1.525906988069150216e+01
8.105734112490868881e+01 1.762843925006087220e+00 1.524872169466764049e+01
8.106038470903335735e+01 1.358777696615534492e+00 1.456805454102751440e+01
8.131373265157048991e+01 1.512539566593620544e+00 1.484185536888239554e+01
8.125152179206233427e+01 1.841977112247382475e+00 1.540272705137570064e+01
8.102593133674214698e+01 1.583515948380813221e+00 1.491465790114438761e+01
8.110555149744338621e+01 1.412344777209642022e+00 1.458522035549062501e+01
8.137910883856829969e+01 1.650231312393474647e+00 1.512636961285609871e+01
8.157085463842220463e+01 1.734112490869247569e+00 1.522072072072072046e+01
8.167798879961041791e+01 1.545045045045045029e+00 1.487034331628926154e+01
8.185670805941076367e+01 1.501582663744825963e+00 1.506756756756756843e+01
8.198514730947162832e+01 1.635135135135135087e+00 1.537594351107864554e+01
8.205563671779887613e+01 1.682371560749939210e+00 1.540917944971999098e+01
8.195665936206476943e+01 1.580959337716094426e+00 1.514292671049427774e+01
8.213087411736060517e+01 1.679693206720233700e+00 1.536559532505478387e+01
8.208655953250547554e+01 1.822863403944485094e+00 1.547151205259313400e+01
8.220416362308253611e+01 1.827733138543949254e+00 1.556452398344290167e+01
8.206939371804236316e+01 1.742269296323350369e+00 1.542001460920379863e+01
8.205113221329438034e+01 1.735816897979060247e+00 1.538787436084733429e+01
8.202337472607743507e+01 1.764183102020939753e+00 1.555782809836863834e+01
8.177672266861455341e+01 1.698076454833211679e+00 1.540491843194545929e+01
8.112868273679085007e+01 1.770635500365230097e+00 1.514548332115899676e+01
8.047151205259312690e+01 1.774653031409788140e+00 1.496822498173849603e+01
8.019332846359873201e+01 1.754808862916971135e+00 1.483905527148770354e+01
8.015278792305819877e+01 1.654005356708059482e+00 1.478901874847820785e+01
8.037703920136353020e+01 1.642683223764304756e+00 1.477221816411005584e+01
8.059349890430971186e+01 1.798027757487216993e+00 1.517616264913562141e+01
8.078000973946919316e+01 1.736425614803993156e+00 1.534270757243730188e+01
8.075310445580716134e+01 1.662649135622108698e+00 1.514609203798393011e+01
8.099634769905040343e+01 1.772339907475042553e+00 1.532042853664475324e+01
8.124007791575358794e+01 1.908448989530070694e+00 1.560409057706355007e+01
8.110969077185293941e+01 1.833576820063306467e+00 1.517981495008521975e+01
8.089420501582664258e+01 1.626369612856099378e+00 1.498039931823715598e+01
8.109033357682005771e+01 1.773435597759922100e+00 1.529169710250791248e+01
8.125066958850742083e+01 1.883856829802775801e+00 1.549513026540053495e+01
8.125894813732651301e+01 1.708546384222059844e+00 1.520952033114195245e+01
8.121085950815680121e+01 1.605794984173362527e+00 1.488848307767226764e+01
8.139408327246165697e+01 1.722912101290479558e+00 1.528865351838324749e+01
8.150730460189919313e+01 1.827246165084002838e+00 1.540357925493060698e+01
8.139103968833698843e+01 1.660701241782322812e+00 1.498344290236182097e+01
8.159179449719989918e+01 1.599342585829072405e+00 1.489712685658631663e+01
8.192269296323350147e+01 1.839298758217677188e+00 1.545544192841490094e+01
8.196785975164353033e+01 1.953372291210129008e+00 1.573265157048940921e+01
8.162076941806671471e+01 1.706233260287314257e+00 1.519515461407353385e+01
8.143243243243243512e+01 1.657779401022644317e+00 1.494862429997565201e+01
8.189030922814706059e+01 1.839785731677623604e+00 1.548368638909179396e+01
8.192744095446798269e+01 1.885317750182615049e+00 1.563769174579985410e+01
8.153433162892622477e+01 1.808497686876065158e+00 1.512259556854151477e+01
8.132517652787923623e+01 1.671779887996104108e+00 1.499354760165570966e+01
8.164487460433406341e+01 1.813610908205502747e+00 1.504711468224981807e+01
8.177623569515461099e+01 1.853907962016070110e+00 1.541076211346481628e+01
8.188629169710250721e+01 1.642561480399318263e+00 1.505015826637448306e+01
8.207535914292671464e+01 1.719503287070854647e+00 1.510774287801314841e+01
8.226795714633551881e+01 1.884952520087655126e+00 1.527063550036523054e+01
8.234258582907231983e+01 1.774653031409788140e+00 1.505259313367421470e+01
8.251887022157292506e+01 1.778792305819332897e+00 1.511468224981738473e+01
8.251034818602386167e+01 1.841977112247382475e+00 1.507426345264183176e+01
8.264877039201363118e+01 1.947406866325785302e+00 1.532128074019965958e+01
8.264097881665449563e+01 1.900413927440954387e+00 1.516301436571706773e+01
8.240662283905527374e+01 1.830654979303627972e+00 1.508643778914049172e+01
8.241709276844412102e+01 1.905040175310445560e+00 1.520672023374726045e+01
8.221658144631118148e+01 1.806793279766252702e+00 1.518955441928414984e+01
8.172644265887508652e+01 1.701485269052836591e+00 1.502544436328220101e+01
8.129607986364743510e+01 1.736303871439006663e+00 1.526028731434136887e+01
8.100876552227903460e+01 1.624421719016313714e+00 1.506841977112247299e+01
8.103506208911613840e+01 1.631482834185536968e+00 1.512563915266617975e+01
8.103299245191136890e+01 1.798636474312149902e+00 1.537046505965424892e+01
8.121633795958119606e+01 1.854638422205989734e+00 1.546664231799366895e+01
8.111565619673727667e+01 1.771609447285122929e+00 1.517506695885074208e+01
8.112697832968103739e+01 1.768078889700511303e+00 1.519710250791331951e+01
8.153956659362064840e+01 1.891283175066958755e+00 1.546992938884830693e+01
8.164609203798393366e+01 2.000852203554906339e+00 1.547151205259313400e+01
8.158485512539566287e+01 1.895300706111517020e+00 1.533162892622352125e+01
8.149744338933528809e+01 1.864986608229851406e+00 1.535816897979060158e+01
8.141076211346481273e+01 1.980277574872169488e+00 1.541149257365473524e+01
8.160202093985877525e+01 2.025444363282201010e+00 1.561930849768687679e+01
8.180947163379595111e+01 1.851473094716338030e+00 1.539189189189189122e+01
8.191611882152422197e+01 1.758826393961529178e+00 1.522218164110056016e+01
8.190382274166057641e+01 1.922449476503530486e+00 1.544314584855125361e+01
8.193413683954224780e+01 1.927927927927927998e+00 1.548344290236182097e+01
8.193084976868760805e+01 1.814706598490382294e+00 1.539542244947650396e+01
8.196846846846847257e+01 1.793279766252739327e+00 1.538970051132213257e+01
8.218918918918919303e+01 1.930849768687606494e+00 1.554638422205989734e+01
8.217044071098125357e+01 1.905770635500365184e+00 1.552495738982225504e+01
8.194631117604090775e+01 1.771852934015096137e+00 1.523995617238860412e+01
8.201960068176283869e+01 1.786462137813489059e+00 1.515984903822741714e+01
8.238081324567811237e+01 1.953615777940102216e+00 1.557292427562697767e+01
8.246347699050402014e+01 1.972851229607986312e+00 1.563830046262478746e+01
8.243072802532262244e+01 1.783296810323837356e+00 1.527684441197954790e+01
8.243559775992208927e+01 1.863525687850012158e+00 1.534453372291210194e+01
8.279461894326759364e+01 2.022766009252495945e+00 1.589737034331628962e+01
8.282919405892378961e+01 1.946798149500852171e+00 1.579388848307767290e+01
8.248806915023131126e+01 1.777331385439493650e+00 1.552434867299732169e+01
8.260896031166301157e+01 1.922084246408570785e+00 1.572607742878013148e+01
8.282055028000974062e+01 2.139517896274652831e+00 1.613830046262478746e+01
8.321073776479181561e+01 2.015948380813245677e+00 1.582286340394448487e+01
8.393900657414171462e+01 1.875334794253713078e+00 1.581093255417579790e+01
8.408875091307523064e+01 2.009739469198928763e+00 1.614499634769904901e+01
8.416118821524226234e+01 2.054054054054053946e+00 1.624470416362308356e+01
8.378232286340394808e+01 1.801071341611882204e+00 1.574531288044801514e+01
8.406391526661796831e+01 1.853420988556123694e+00 1.591368395422449389e+01
8.339371804236668595e+01 2.075724373021670122e+00 1.626199172145118155e+01
8.256878500121743514e+01 2.003652300949598342e+00 1.588385682980277558e+01
8.222705137570002876e+01 1.824811297784270758e+00 1.530448015583150756e+01
8.229510591672753606e+01 1.948380813245678134e+00 1.561748234721207673e+01
8.219795471146822763e+01 2.116873630387143823e+00 1.590090090090090058e+01
8.189566593620646984e+01 1.965790114438763059e+00 1.552629656683710735e+01
8.177477477477476953e+01 1.757852447041636124e+00 1.502507913318724064e+01
8.209581202824446677e+01 2.004261017774531251e+00 1.547857316776235770e+01
8.251071341611881849e+01 2.366204041879717668e+00 1.570793766739712716e+01
8.214183102020939486e+01 2.112247382517652650e+00 1.498599951302653999e+01
8.247930362795227666e+01 1.869978086194302502e+00 1.485305575846116355e+01
8.312916971025079249e+01 2.195032870708546469e+00 1.596189432675919129e+01
8.362868273679085007e+01 2.229486242999756396e+00 1.644338933528122837e+01
8.303798392987582133e+01 1.772826880934988969e+00 1.550815680545410302e+01
8.292938884830776658e+01 1.685658631604577629e+00 1.543486729973216498e+01
8.253871439006573496e+01 2.209885561236912377e+00 1.607024592159727305e+01
8.224032140248355915e+01 2.184197711224738381e+00 1.597565132700267831e+01
8.165570976381786750e+01 1.752739225712198756e+00 1.507109812515217939e+01
8.168480642804966863e+01 1.878013148283418587e+00 1.525724373021670388e+01
8.210214268322376086e+01 2.415144874604334024e+00 1.610141222303384367e+01
8.183418553688824204e+01 2.086559532505478654e+00 1.557268078889700469e+01
8.190771852934014419e+01 1.692476260043827674e+00 1.483150718285853387e+01
8.222498173849524505e+01 2.059410762113464965e+00 1.557438519600681737e+01
8.260713416118821328e+01 2.350620891161431913e+00 1.616423179936693444e+01
8.205295836376917862e+01 1.960920379839298677e+00 1.561468224981738473e+01
8.253579254930606623e+01 1.685293401509617706e+00 1.505880204528853206e+01
8.307986364743121044e+01 2.212320428536644901e+00 1.594107621134648234e+01
8.299987825663501440e+01 2.331750669588507296e+00 1.617421475529583574e+01
8.274945215485756478e+01 1.859508156805454115e+00 1.530825420014609151e+01
8.301120038957876091e+01 1.808497686876065158e+00 1.537058680301923630e+01
8.328134891648404903e+01 2.269539810080350772e+00 1.606927197467738111e+01
8.310275140004870309e+01 2.193450206963720284e+00 1.593888483077672191e+01
8.274993912831750720e+01 1.825663501339177097e+00 1.525566106647187681e+01
8.296591185780374644e+01 1.993182371560749955e+00 1.551838324811297731e+01
8.325906988069149861e+01 2.369612856099342579e+00 1.610810810810810878e+01
8.320258095933770903e+01 2.232042853664475413e+00 1.576406135865595282e+01
8.321852934015096537e+01 1.962990017044071056e+00 1.531495008522035484e+01
8.353262722181641209e+01 2.178962746530314298e+00 1.586742147552958393e+01
8.376126126126126792e+01 2.316167518870221542e+00 1.609069880691502163e+01
8.323910396883370311e+01 2.076820063306549891e+00 1.571609447285123018e+01
8.275420014609203179e+01 1.859142926710494192e+00 1.537655222790357890e+01
8.245471146822498554e+01 2.015704894083272247e+00 1.561492573654735772e+01
8.237557828098368873e+01 2.251400048697346001e+00 1.594144144144144093e+01
8.208047236425615267e+01 1.938397857316776163e+00 1.574957389822254683e+01
8.165120525931337170e+01 1.851716581446311238e+00 1.558278548819089337e+01
8.182140248356463985e+01 2.052106160214268282e+00 1.615619673727781702e+01
8.175992208424641206e+01 2.051862673484295296e+00 1.613172632091551151e+01
8.178877526174822776e+01 1.886900413927441011e+00 1.557962016070124101e+01
8.214913562210858800e+01 1.937180423666910123e+00 1.561492573654735772e+01
8.245921597272948134e+01 2.241782322863403731e+00 1.619722425127830689e+01
8.258461163866569166e+01 2.247504261017774674e+00 1.628463598733868878e+01
8.235524713903092220e+01 1.885926467007548180e+00 1.559970781592403277e+01
8.266788410031652745e+01 1.925127830533235995e+00 1.576552227903579251e+01
8.281361090820550430e+01 2.263939615290966767e+00 1.626113951789627521e+01
8.271426832237642657e+01 2.199659118578037642e+00 1.614304845385926512e+01
8.269430241051863106e+01 1.886900413927441011e+00 1.565656196737277739e+01
8.283881178475773766e+01 1.970051132213294309e+00 1.594010226442658862e+01
8.306927197467737756e+01 2.173484295105916786e+00 1.646445093742391208e+01
8.354674945215485593e+01 1.971877282688093480e+00 1.621536401266131122e+01
8.295057219381543234e+01 1.734721207694180700e+00 1.573557341124908682e+01
8.332249817384952451e+01 2.088263939615290887e+00 1.616325785244704250e+01
8.344436328220112387e+01 2.387874360847333843e+00 1.613683954224494599e+01
8.299695641587533146e+01 1.964816167518870227e+00 1.546299001704407061e+01
8.289152666179693085e+01 1.906257608960311600e+00 1.512283905527148775e+01
8.322644265887508652e+01 2.315437058680302140e+00 1.579644509374239192e+01
8.305271487703920741e+01 2.351960068176284224e+00 1.587253469685902196e+01
8.276527879230582130e+01 1.996225955685415165e+00 1.530216703189676153e+01
8.284599464329194518e+01 2.068663257852446868e+00 1.543060628195763329e+01
8.309082055028001434e+01 2.357682006330655167e+00 1.600584368151935877e+01
8.299817384952520172e+01 2.291575359142926871e+00 1.595532018504991534e+01
8.298965181397613833e+01 2.011565619673727934e+00 1.561224738251765309e+01
8.336644752860969732e+01 2.086803019235451639e+00 1.594643291940589158e+01
8.393206720233747831e+01 2.298758217677136617e+00 1.654979303627952447e+01
8.382359386413440916e+01 2.168979790601412105e+00 1.632225468711955330e+01
8.361821280740200280e+01 1.902118334550767065e+00 1.590990990990990994e+01
8.388300462624786746e+01 2.027148770392013688e+00 1.624920866812758646e+01
8.405490625760896251e+01 2.337350864377891302e+00 1.664560506452398414e+01
8.342561480399318441e+01 2.049914779644509188e+00 1.619259800340881483e+01
8.277233990747504322e+01 1.832481129778427142e+00 1.562770878987095280e+01
8.263683954224494244e+01 1.998782566350133960e+00 1.585573411249086995e+01
8.253883613343073478e+01 2.361212563915266571e+00 1.634502069637204613e+01
8.211017774531288183e+01 2.161309958607255943e+00 1.560664718772826909e+01
8.192598003408814122e+01 2.007791575359143099e+00 1.519016313610908142e+01
8.233089846603360229e+01 2.303262722181641298e+00 1.589505721938154359e+01
8.215863160457755043e+01 2.312393474555636708e+00 1.607779401022644095e+01
8.232444606768930839e+01 2.026174823472120856e+00 1.569746773800827810e+01
8.286973459946432286e+01 2.000243486729973430e+00 1.589237886535183897e+01
8.350012174336498560e+01 2.192719746773800882e+00 1.638811784757730550e+01
8.327477477477476953e+01 2.129047966885804666e+00 1.634343803262722261e+01
8.304163623082541790e+01 1.970538105673240725e+00 1.603871439006574207e+01
8.289177014852690206e+01 2.086194302410518731e+00 1.619174579985390849e+01
8.329303627952276656e+01 2.309106403700998289e+00 1.647832968103238471e+01
8.345653761869978382e+01 2.182249817384952717e+00 1.649622595568541428e+01
8.341794497199902025e+01 1.977842707572437408e+00 1.618127587046506122e+01
8.345568541514487038e+01 2.115047479912344652e+00 1.630764548332115993e+01
8.378914049184319879e+01 2.356586316045775398e+00 1.667348429510591501e+01
8.347492086681275225e+01 2.301314828341855190e+00 1.624945215485756123e+01
8.353494034575115279e+01 2.225590455320185068e+00 1.608083759435110949e+01
8.387095203311419311e+01 2.408570732895057187e+00 1.654638422205989912e+01
8.415644022400779534e+01 2.586072559045532238e+00 1.682748965181397693e+01
8.384964694424154175e+01 2.383735086437789086e+00 1.645008522035548992e+01
8.376649622595569156e+01 2.300949598246895711e+00 1.623642561480399493e+01
8.387387387387387605e+01 2.397979060141222085e+00 1.652593133674214698e+01
8.413878743608472632e+01 2.572193815437058717e+00 1.687655222790358067e+01
8.417129291453615281e+01 2.394205015826637251e+00 1.650730460189919668e+01
8.442756269783296830e+01 2.274774774774774855e+00 1.650304358412466499e+01
8.446432919405891937e+01 2.514852690528366352e+00 1.667664962259556916e+01
8.441502313123935153e+01 2.589603116630143642e+00 1.671451180910640488e+01
8.425931336742146982e+01 2.357195032870708751e+00 1.658753347942537104e+01
8.446859021183345817e+01 2.429997565132700377e+00 1.680216703189676153e+01
8.450730460189919313e+01 2.582542001460920389e+00 1.708461163866569166e+01
8.431056732408083576e+01 2.543584124665205781e+00 1.701448746043340776e+01
8.445045045045044674e+01 2.421840759678597355e+00 1.687411736060384726e+01
8.431969807645482717e+01 2.359264670075480907e+00 1.682615047479912462e+01
8.435999513026540342e+01 2.514730947163379415e+00 1.704881908935962898e+01
8.416508400292184433e+01 2.433162892622352302e+00 1.680009739469198848e+01
8.384538592646700295e+01 2.335524713903092131e+00 1.646871195519844022e+01
8.340601412223033151e+01 2.406379352325298093e+00 1.654114925736547193e+01
8.330581933284635454e+01 2.449354760165570966e+00 1.655222790357925433e+01
8.289651813976138328e+01 2.354394935476016748e+00 1.633138543949354826e+01
8.299184319454589343e+01 2.302775748721694882e+00 1.623313854394935518e+01
8.321134648161675784e+01 2.449719990260530889e+00 1.647212076941806558e+01
8.335025566106646977e+01 2.509130752373995410e+00 1.662563915266617798e+01
8.339627465303141207e+01 2.460433406379352483e+00 1.651972242512783140e+01
8.335329924519113831e+01 2.391283175066958755e+00 1.641904066228390491e+01
8.325846116386657059e+01 2.446432919405892470e+00 1.648953007061115272e+01
8.339225712198685869e+01 2.543705868030192274e+00 1.653810567324080694e+01
8.336669101533966852e+01 2.495373752130508826e+00 1.648429510591672909e+01
8.298612125639152737e+01 2.346359873386900219e+00 1.626613099586072408e+01
8.292317993669344389e+01 2.442537131726320698e+00 1.644010226442658862e+01
8.290552714877038909e+01 2.537253469685901930e+00 1.663184806428049711e+01
8.267445824202580695e+01 2.458120282444606897e+00 1.663793523252982709e+01
8.246591185780374644e+01 2.224738251765278729e+00 1.641697102507913186e+01
8.247674701728756474e+01 2.240077915753591498e+00 1.654954954954954971e+01
8.261370830289749279e+01 2.401753104455807364e+00 1.671037253469685879e+01
8.271877282688093658e+01 2.393231068906744419e+00 1.668785001217433717e+01
8.285646457268079246e+01 2.281105429754078262e+00 1.646128560993425793e+01
8.295300706111517286e+01 2.377282688093498741e+00 1.646165084002921830e+01
8.315899683467250725e+01 2.442780618456294128e+00 1.666252739225712176e+01
8.332980277574871764e+01 2.455685415144874817e+00 1.678658388117847622e+01
8.336839542244948120e+01 2.355125395665936150e+00 1.678475773070367794e+01
8.344338933528122482e+01 2.385804723642561687e+00 1.676576576576576727e+01
8.333637691745799714e+01 2.403700998295593028e+00 1.681677623569515490e+01
8.331568054541027379e+01 2.498295592890187322e+00 1.688446554662770893e+01
8.296518139761383281e+01 2.370586803019235411e+00 1.662600438276113834e+01
8.296031166301436599e+01 2.332237643048453712e+00 1.643632822011200290e+01
8.297589481373265130e+01 2.353177501826150486e+00 1.651789627465303312e+01
8.322205989773557633e+01 2.445458972485999638e+00 1.676576576576576727e+01
8.311833455076698840e+01 2.351838324811297731e+00 1.656074993912831772e+01
8.323934745556367432e+01 2.378621865108351496e+00 1.655953250547845101e+01
8.317920623326028817e+01 2.516800584368152016e+00 1.677185293401509725e+01
8.319844168492817005e+01 2.485877769661553494e+00 1.679474068663257924e+01
8.258935962990017288e+01 2.281835889943998108e+00 1.644034575115656338e+01
8.149829559289018732e+01 2.157414170927684616e+00 1.600036523009496037e+01
7.986949111273435165e+01 2.064767470172875541e+00 1.560725590455320244e+01
7.909642074506939480e+01 1.943632822011200467e+00 1.515802288775261708e+01
7.893815437058680118e+01 1.848186023861699612e+00 1.504601899196493875e+01
7.932310689067445253e+01 1.906744582420258016e+00 1.513099586072559077e+01
7.981641100560020163e+01 2.123813002191380583e+00 1.544582420258096001e+01
7.962101290479668592e+01 2.233016800584368244e+00 1.552386169953737571e+01
7.881677623569515845e+01 1.950328707085463797e+00 1.514256148039931738e+01
7.777842707572436609e+01 1.822254687119551964e+00 1.493620647674701729e+01
7.751253956659361677e+01 2.203067932797662554e+00 1.554711468224981807e+01
7.701241782322863116e+01 1.974190406622839067e+00 1.530192354516678854e+01
7.671146822498174345e+01 1.522887752617482438e+00 1.447382517652788003e+01
7.631458485512538914e+01 1.648161675188702269e+00 1.464913562210859510e+01
7.648989530070610954e+01 2.350499147796444976e+00 1.551083515948380764e+01
7.558120282444606630e+01 1.862186510835159403e+00 1.501655709763817903e+01
7.493559775992208927e+01 1.463233503774044264e+00 1.444156318480642831e+01
7.478475773070367438e+01 1.864621378134891705e+00 1.489164840516191823e+01
7.491173606038471178e+01 2.263939615290966767e+00 1.532347212076941823e+01
7.405661066471877518e+01 1.547601655709763824e+00 1.425334794253713255e+01
7.323849525200876087e+01 1.468224981738495361e+00 1.397406866325785302e+01
7.369125882639396252e+01 2.175432188945702450e+00 1.471268565863160482e+01
7.339505721938154181e+01 2.039931823715607440e+00 1.461857803749695606e+01
7.275955685415145524e+01 1.478207937667397109e+00 1.399890430971512068e+01
7.276308741173606620e+01 1.690284879474068580e+00 1.414536157779400938e+01
7.318273679084489913e+01 2.166666666666666519e+00 1.475152179206233249e+01
7.313002191380569172e+01 1.850133917701485275e+00 1.444046749452154899e+01
7.336121256391527368e+01 1.720477233990747479e+00 1.447638178719259727e+01
7.414670075480886169e+01 2.053080107134161114e+00 1.499452154857560338e+01
7.471645970294619588e+01 2.065619673727781880e+00 1.510896031166301512e+01
7.521183345507670026e+01 1.607012417823228567e+00 1.471560749939128243e+01
7.587253469685902019e+01 1.824446067689310835e+00 1.509337716094472803e+01
7.664024835646456779e+01 2.107864621378134906e+00 1.567896274653031341e+01
7.645252008765521623e+01 1.699050401753104511e+00 1.514816167518870138e+01
7.650633065497930829e+01 1.420379839298758107e+00 1.459569028487947406e+01
7.686803019235451018e+01 1.589481373265157149e+00 1.489627465303141030e+01
7.672339907475043219e+01 1.602873143413684032e+00 1.461066471877282602e+01
7.575286096907719013e+01 1.331872412953494011e+00 1.413050888726564480e+01
7.458534209885560529e+01 1.144752860969077135e+00 1.376893109325541786e+01
7.339505721938154181e+01 1.250791331872412870e+00 1.376150474799123380e+01
7.299829559289018732e+01 1.313123934745556332e+00 1.368078889700511347e+01
7.206574141709276660e+01 1.079985390796201594e+00 1.315607499391283142e+01
7.153810567324080694e+01 1.042610177745312949e+00 1.302337472607742797e+01
7.109800340881422187e+01 1.314950085220355502e+00 1.340650109569028459e+01
7.014329194058923633e+01 1.454954954954954971e+00 1.345885074263452630e+01
6.896932067202337180e+01 1.182371560749939210e+00 1.287338690041392830e+01
6.896018991964938039e+01 1.207572437302167012e+00 1.297626004382761167e+01
6.965071828585341507e+01 1.657901144387630810e+00 1.377148770392013688e+01
7.049062576089603738e+01 1.508522035549062501e+00 1.350669588507426333e+01
7.137496956415874649e+01 1.377404431458485456e+00 1.336401266130995857e+01
7.172899926953981264e+01 1.592524957389822360e+00 1.371585098612125719e+01
7.186109082055027386e+01 1.659605551497443487e+00 1.389663988312636889e+01
7.166155344533723337e+01 1.559045532018505043e+00 1.358728999269539806e+01
7.164937910883857342e+01 1.482347212076941867e+00 1.361845629413197045e+01
7.170026783540296833e+01 1.516435354273192093e+00 1.385147309471633825e+01
7.202142683223763697e+01 1.694058923788653415e+00 1.418797175553932277e+01
7.242330168005844371e+01 1.753834915997078081e+00 1.444570245921597262e+01
7.278244460676893368e+01 1.553323593864134322e+00 1.437703920136352487e+01
7.318882395909423622e+01 1.555393231068906701e+00 1.431568054541027557e+01
7.375614803993182989e+01 1.671414657901144407e+00 1.436803019235451728e+01
7.368005843681518741e+01 1.490747504261017875e+00 1.420818115412710014e+01
7.390260530801072036e+01 1.457268078889700558e+00 1.431190650109568985e+01
7.505076698319940931e+01 1.750426101777453169e+00 1.482140248356464518e+01
7.613099586072559077e+01 1.942780618456294128e+00 1.517165814463111673e+01
7.669515461407353030e+01 1.849890430971512068e+00 1.499074750426101765e+01
7.658935962990017288e+01 1.763696128560993337e+00 1.484599464329193985e+01
7.709082055028001434e+01 2.042610177745312949e+00 1.542171901631361131e+01
7.706963720477233437e+01 2.047966885804723525e+00 1.530265400535670750e+01
7.652325298271243526e+01 1.685049914779644498e+00 1.485463842220599062e+01
7.602495738982224793e+01 1.775626978329680972e+00 1.491271000730460194e+01
7.509130752373995676e+01 1.940954467981494957e+00 1.495568541514487393e+01
7.345824202580959650e+01 1.826637448259069929e+00 1.446895544192841498e+01
7.240747504261017298e+01 1.848916484051619236e+00 1.427233990747504322e+01
7.262819576333089344e+01 1.927806184562941283e+00 1.448088629169710195e+01
7.354638422205989912e+01 1.878256635013391795e+00 1.457414170927684438e+01
7.428147065984903463e+01 2.034331628926223434e+00 1.483783783783783861e+01
7.523131239347455335e+01 2.414170927684441192e+00 1.547552958363769093e+01
7.504881908935962542e+01 2.120404187971755672e+00 1.516691015339663906e+01
7.380021913805697409e+01 1.828707085463842308e+00 1.474592159727294849e+01
7.277684441197955323e+01 2.123934745556367076e+00 1.482724616508400217e+01
7.172120769418066288e+01 2.177258339420501621e+00 1.471828585342098883e+01
7.037411736060384726e+01 1.759435110786462086e+00 1.395532018504991534e+01
7.048466033601168590e+01 1.940832724616508465e+00 1.424433893352812319e+01
7.097565132700268009e+01 2.565376186997808450e+00 1.491210129047966859e+01
7.088069150231312676e+01 2.214998782566349966e+00 1.464304845385926512e+01
7.059873386900413550e+01 1.904796688580472352e+00 1.414073532992451909e+01
7.120684197711224783e+01 2.398344290236182008e+00 1.485987338690041426e+01
7.128317506695884731e+01 2.791453615777939934e+00 1.514706598490382206e+01
7.020172875578280980e+01 2.321158996834672639e+00 1.450535670805941102e+01
7.006440224007791073e+01 2.260652544436328348e+00 1.440163136109082131e+01
7.058022887752618146e+01 2.931093255417579702e+00 1.523301680058436780e+01
7.030861943024105187e+01 3.066593620647674712e+00 1.538483077672266930e+01
6.928634039444850146e+01 2.697954711468224964e+00 1.484027270513757024e+01
6.870124178232286738e+01 3.050280009739469111e+00 1.501582663744825830e+01
6.830241051862672919e+01 3.794740686632578353e+00 1.563915266617969380e+01
6.766666666666667140e+01 4.036888239590942007e+00 1.565936206476746939e+01
6.629376673971268019e+01 3.880204528853177681e+00 1.508996834672510268e+01
6.542817141465789632e+01 4.399805210616021256e+00 1.543864134404674893e+01
6.480119308497687314e+01 4.928536644752861129e+00 1.580752373995617255e+01
6.384136839542244957e+01 4.626856586316045572e+00 1.540333576820063222e+01
6.286997808619430117e+01 4.104821037253469918e+00 1.462819576333089877e+01
6.342792792792792511e+01 4.346481616751886712e+00 1.502714877039201369e+01
6.427830533235938049e+01 4.543462381300218844e+00 1.539688336985634365e+01
6.460323837350864551e+01 3.885682980277574750e+00 1.497406866325785302e+01
6.505405405405404906e+01 3.845264183102020894e+00 1.514779644509374279e+01
6.576625273922570614e+01 4.454346238130021618e+00 1.589676162649135627e+01
6.549391283175066292e+01 4.245799853907961996e+00 1.555965424884343840e+01
6.502824446067688768e+01 3.774287801314828439e+00 1.496639883126369597e+01
6.535476016557097978e+01 4.130752373995616900e+00 1.546944241538836096e+01
6.555734112490868881e+01 4.417944971999026471e+00 1.573800827854881845e+01
6.557243730216703170e+01 4.094838081324567725e+00 1.535281227173119056e+01
6.568480642804966863e+01 3.982347212076941645e+00 1.540504017531044489e+01
6.595203311419527381e+01 4.188580472364256124e+00 1.571195519844168409e+01
6.589274409544680111e+01 4.253713172632091144e+00 1.578682736790844920e+01
6.564170927684440926e+01 4.142074506939371403e+00 1.546542488434380402e+01
6.551180910640370314e+01 4.169466764061358965e+00 1.552008765522278999e+01
6.554467981495008644e+01 3.983564645726807907e+00 1.528317506695885086e+01
6.574981738495252159e+01 4.123447772096421104e+00 1.554382761139517832e+01
6.608217677136596535e+01 4.449963476990504319e+00 1.588811784757730727e+01
6.614609203798393366e+01 4.276235695154613659e+00 1.583418553688824026e+01
6.599366934502069171e+01 3.868151935719503332e+00 1.532700267835402919e+01
6.619807645483321323e+01 4.102386169953737394e+00 1.560616021426832312e+01
6.657292427562697412e+01 4.340637935232529721e+00 1.587338690041392830e+01
6.646676406135865989e+01 4.141222303384465953e+00 1.563428293158022875e+01
6.623788653518383285e+01 3.876673971268565833e+00 1.520038957876795749e+01
6.645617238860482701e+01 3.978451424397370317e+00 1.531251521792062320e+01
6.665680545410275215e+01 4.156927197467737756e+00 1.560226442658875179e+01
6.654248843438033134e+01 3.948989530070611043e+00 1.540467494521548630e+01
6.625931336742146982e+01 3.776844411979547012e+00 1.524178232286340418e+01
6.660713416118821328e+01 4.004382761139518188e+00 1.544643291940589158e+01
6.685390796201606634e+01 4.151570489408327624e+00 1.564475286096907780e+01
6.660250791331871767e+01 3.742147552958363654e+00 1.513452641831020173e+01
6.669564158753347272e+01 3.706476747017287465e+00 1.506671536401266209e+01
6.729023618212806923e+01 4.272096420745069345e+00 1.577063550036523054e+01
6.720915510104698853e+01 4.260043827611394995e+00 1.567324080837594380e+01
6.684611638665693079e+01 3.672632091551010447e+00 1.516240564889213616e+01
6.697005113221329964e+01 3.771365960555149943e+00 1.546652057462868335e+01
6.705271487703920741e+01 4.307158509861212181e+00 1.606975894813732708e+01
6.651521792062332850e+01 3.930971512052593209e+00 1.558290723155588076e+01
6.580521061602142652e+01 3.275870465059654180e+00 1.477988799610421289e+01
6.596299001704407772e+01 3.342951059167275307e+00 1.498636474312150035e+01
6.627209642074507201e+01 3.648283418553688762e+00 1.539895300706111492e+01
6.601984416849282411e+01 3.181641100560019364e+00 1.477440954467981449e+01
6.609289018748478384e+01 2.712807401996591317e+00 1.436413440467494596e+01
6.688069150231312676e+01 3.063915266617969202e+00 1.499464329194058898e+01
6.766764061358655624e+01 3.439858777696615633e+00 1.548088629169710195e+01
6.783138543949354471e+01 2.965424884343803136e+00 1.479437545653761887e+01
6.794071098125152730e+01 2.780983686389091769e+00 1.456452398344290167e+01
6.851789627465302601e+01 3.288653518383247931e+00 1.523813002191380583e+01
6.833418553688824204e+01 3.520574628682736851e+00 1.545641587533479466e+01
6.778707085463842930e+01 2.852690528366204070e+00 1.467969320672023414e+01
6.764803993182371755e+01 2.841246652057463074e+00 1.468529340150961815e+01
6.812210859508157057e+01 3.537740443145848346e+00 1.542549306062819525e+01
6.833467251034818446e+01 3.538105673240808269e+00 1.550389578767957133e+01
6.773532992451910673e+01 2.724373021670318806e+00 1.446603360116873560e+01
6.767019722425128236e+01 2.726686145605064393e+00 1.444789383978573127e+01
6.813245678110543224e+01 3.650474799123447855e+00 1.533382030679327990e+01
6.813769174579985588e+01 3.612612612612612573e+00 1.540869247626004324e+01
6.774945215485756478e+01 2.854151448746043318e+00 1.455222790357925433e+01
6.821645970294619588e+01 3.061236912588264136e+00 1.486096907718529359e+01
6.883150718285853031e+01 3.886048210372534673e+00 1.586729973216459655e+01
6.863245678110543224e+01 3.694667640613586546e+00 1.558935962990017110e+01
6.832980277574871764e+01 2.933406379352325288e+00 1.466995373752130583e+01
6.856610664718772341e+01 3.190284879474068802e+00 1.506622839055271434e+01
6.948953007061115272e+01 3.875213050888726585e+00 1.586401266130995857e+01
6.918870221572923640e+01 3.497686876065254413e+00 1.541222303384465597e+01
6.890978816654492789e+01 2.911979547114682099e+00 1.485670805941076189e+01
6.883613343072802593e+01 3.270026783540297188e+00 1.517190163136109149e+01
6.871840759678597976e+01 3.768565863160457940e+00 1.552727051375700107e+01
6.815899683467250725e+01 3.309471633795958212e+00 1.485342098855612392e+01
6.793718042366691634e+01 3.015704894083272247e+00 1.453542731921110231e+01
6.834538592646700295e+01 3.523374726077428853e+00 1.526917457998539085e+01
6.851753104455806920e+01 3.636352568785001349e+00 1.548977355734112571e+01
6.828463598733868878e+01 3.152544436328220012e+00 1.494083272461650758e+01
6.818395422449476939e+01 3.151327002678354194e+00 1.495337229121012967e+01
6.875809593377161377e+01 3.732408083759434891e+00 1.573666910153396614e+01
6.869101533966399131e+01 3.595446798149500633e+00 1.562990017044071145e+01
6.853092281470659941e+01 3.097151205259313311e+00 1.498478207937667328e+01
6.848441684928171469e+01 3.232286340394448398e+00 1.512576089603116714e+01
6.871451180910639778e+01 3.773192111029948670e+00 1.589810080350620858e+01
6.816398831263695968e+01 3.559167275383491535e+00 1.570063306549793047e+01
6.792975407840272339e+01 3.163014365717068621e+00 1.518541514487460375e+01
6.810238616995373206e+01 3.435232529827124459e+00 1.540796201607012428e+01
6.835561236912587901e+01 3.818845872899927052e+00 1.577270513757000181e+01
6.821158996834672905e+01 3.360482103725347169e+00 1.529851473094716319e+01
6.783284635987338618e+01 3.070367664962259546e+00 1.484745556367177954e+01
6.834234234234234862e+01 3.495008522035548904e+00 1.541197954711468299e+01
6.863306549793036027e+01 3.714390065741417057e+00 1.575091307523739914e+01
6.850986121256391925e+01 3.312149987825663722e+00 1.528950572193815383e+01
6.868553688823959646e+01 3.031288044801558446e+00 1.506269783296810338e+01
6.870416362308253611e+01 3.333333333333333481e+00 1.543608473338202991e+01
6.882968103238373203e+01 3.683345507669832042e+00 1.580508887265644091e+01
6.845738982225468305e+01 3.365108351594837899e+00 1.526406135865595282e+01
6.817457998539079256e+01 2.994034575115656072e+00 1.485122960798636527e+01
6.848417336255174348e+01 3.278914049184319612e+00 1.512405648892135446e+01
6.880180180180180116e+01 3.559167275383491535e+00 1.558996834672510268e+01
6.853664475286096547e+01 3.406866325785244509e+00 1.543170197224251261e+01
6.843450206963720461e+01 3.051253956659361943e+00 1.507657657657657602e+01
6.816861456050645529e+01 3.079376673971268463e+00 1.491368395422449389e+01
6.810616021426832845e+01 3.328828828828828801e+00 1.515656196737277739e+01
6.796859021183345817e+01 3.477720964207450915e+00 1.525152179206233249e+01
6.753713172632092210e+01 3.112125639152666157e+00 1.480691502313123920e+01
6.769892865838811247e+01 2.960798636474311962e+00 1.472863403944485050e+01
6.787216946676406337e+01 3.396274653031409851e+00 1.527246165084002882e+01
6.784562941319697416e+01 3.578646213781349061e+00 1.544752860969077268e+01
6.758144631117603751e+01 2.941319698076454880e+00 1.485269052836620318e+01
6.750340881421962536e+01 2.943876308741173453e+00 1.475590455320184979e+01
6.812271731190649859e+01 3.807401996591185611e+00 1.585756026296566823e+01
6.808181154127099433e+01 3.704285366447528816e+00 1.576966155344533682e+01
6.724336498660822770e+01 2.771244217190163006e+00 1.459642074506939302e+01
6.749001704407109514e+01 3.142317993669344833e+00 1.492585829072315562e+01
6.823192111029949558e+01 4.338811784757730550e+00 1.629547114682249642e+01
6.764024835646456779e+01 3.523252982712442360e+00 1.539335281227173091e+01
6.727915753591429393e+01 2.616143170197224421e+00 1.438604821037253423e+01
6.761017774531288183e+01 3.500608716824932909e+00 1.523666910153396614e+01
6.840589237886534590e+01 4.384952520087654904e+00 1.627757487216946686e+01
6.777112247382517296e+01 3.212807401996591317e+00 1.482176771365960555e+01
6.760384709033357353e+01 2.793766739712685521e+00 1.433260287314341319e+01
6.812283905527148420e+01 3.891039688336985769e+00 1.568553688823959114e+01
6.822814706598489920e+01 4.183345507669831598e+00 1.588312636961285662e+01
6.753737521305089331e+01 3.062210859508156968e+00 1.454589724859995137e+01
6.764183102020939486e+01 3.062576089603116447e+00 1.459897735573411204e+01
6.843352812271730556e+01 4.138056975894813583e+00 1.585695154614073488e+01
6.831555880204528819e+01 3.892135378621865094e+00 1.559532505478451370e+01
6.754090577063550427e+01 2.987216946676406248e+00 1.451558315071828531e+01
6.768894570245922182e+01 3.345872899926953803e+00 1.489761383004626261e+01
6.809970781592403455e+01 4.169466764061358965e+00 1.601716581446311238e+01
6.788507426345263696e+01 3.706355003652300972e+00 1.545118091064036925e+01
6.783686389091793956e+01 2.948259069880691641e+00 1.461967372778183538e+01
6.807888970051132560e+01 3.399926953981008193e+00 1.518943267591916246e+01
6.852544436328220456e+01 4.001460920379839692e+00 1.581275870465059619e+01
6.817616264913561963e+01 3.563184806428049800e+00 1.528378378378378422e+01
6.802666179693206061e+01 3.159605551497443265e+00 1.487034331628926154e+01
6.830204528853177237e+01 3.564280496712929125e+00 1.530277574872169488e+01
6.856160214268322761e+01 4.006452398344290344e+00 1.579510591672753783e+01
6.801594838081324212e+01 3.460433406379352483e+00 1.497772096420745136e+01
6.750949598246896244e+01 3.241295349403457315e+00 1.458205502800097442e+01
6.761821280740200280e+01 3.756878500121743514e+00 1.543462381300219199e+01
6.761176040905770890e+01 4.033357682006331046e+00 1.575493060628195785e+01
6.725894813732651301e+01 3.335037740443145715e+00 1.497772096420745136e+01
6.714779644509374634e+01 3.136352568785001349e+00 1.477355734112490815e+01
6.766703189676162822e+01 3.803993182371560700e+00 1.566167518870221542e+01
6.778731434136840051e+01 3.957024592159727128e+00 1.593608473338202991e+01
6.742451911370829976e+01 3.295836376917458121e+00 1.510749939128317543e+01
6.729084489895301147e+01 3.038105673240808269e+00 1.467117117117117076e+01
6.784222059897734880e+01 3.986121256391526479e+00 1.591502313123934798e+01
6.809142926710494237e+01 4.100803506208911209e+00 1.607121986851716500e+01
6.754017531044557643e+01 3.056123691258826547e+00 1.485865595325054755e+01
6.773776479181884724e+01 3.094959824689554218e+00 1.487752617482347262e+01
6.828634039444850146e+01 4.056123691258826547e+00 1.589530070611151658e+01
6.831434136839541793e+01 3.922571219868517201e+00 1.575115656196737213e+01
6.747358168979791060e+01 2.832602873143413635e+00 1.446627708789871036e+01
6.758765522279036020e+01 3.176771365960555205e+00 1.487594351107864554e+01
6.809228147065985581e+01 4.214998782566349966e+00 1.612198685171658141e+01
6.776734842951059079e+01 3.673727781835889772e+00 1.557572437302166968e+01
6.705125395665936594e+01 2.942415388361334205e+00 1.457718529340150937e+01
6.757158509861213247e+01 3.608595081568054752e+00 1.531908935962990093e+01
6.798587776966155616e+01 4.402483564645726766e+00 1.625103481860238475e+01
6.733783783783783861e+01 3.540540540540540349e+00 1.510701241782322946e+01
6.712417823228634006e+01 3.068176284392500452e+00 1.448794740686632565e+01
6.753920136352569159e+01 3.825176527879230459e+00 1.541088385682980366e+01
6.766861456050645529e+01 4.145483321158996759e+00 1.562405648892135446e+01
6.705490625760896251e+01 3.477964450937423901e+00 1.490881421962503062e+01
6.707475042610177240e+01 3.456902848794740635e+00 1.489651813976138328e+01
6.740394448502556202e+01 3.914901387874361038e+00 1.544704163623082493e+01
6.701607012417822773e+01 3.601046992938884639e+00 1.512003895787679575e+01
6.646079863647430841e+01 3.084002921840759637e+00 1.423971268565863113e+01
6.626625273922570614e+01 3.418310202093985950e+00 1.445349403457511528e+01
6.663805697589481269e+01 3.903579254930606091e+00 1.506756756756756843e+01
6.655831507182858786e+01 3.671658144631117615e+00 1.486535183832481088e+01
6.642451911370829976e+01 3.505478451424397512e+00 1.465242269296323308e+01
6.663890917944972614e+01 3.769539810080350772e+00 1.517068419771122478e+01
6.636303871439007196e+01 3.917944971999026027e+00 1.523934745556367254e+01
6.579206233260286751e+01 3.622473825176527829e+00 1.483808132456781159e+01
6.560043827611394818e+01 3.520209398587776928e+00 1.471463355247139049e+01
6.571999026053080684e+01 3.689676162649135449e+00 1.478767957146335554e+01
6.581568054541027379e+01 3.710372534696859237e+00 1.473922571219868516e+01
6.587326515704893382e+01 3.573046018991965056e+00 1.463391770148526838e+01
6.607231555880204610e+01 3.435232529827124459e+00 1.467056245434623740e+01
6.644156318480642653e+01 3.614317019722425250e+00 1.500085220355490634e+01
6.652459215972729112e+01 3.629778427075724512e+00 1.508339420501582673e+01
6.636596055514974069e+01 3.319698076454833391e+00 1.470927684441197947e+01
6.646201607012417867e+01 3.354516678841003241e+00 1.490443145848551332e+01
6.657645483321158508e+01 3.479425371317263149e+00 1.512819576333089877e+01
6.669247626004383278e+01 3.633308984660335916e+00 1.496712929145361493e+01
6.660189919649378965e+01 3.658144631117604018e+00 1.508741173606038544e+01
6.649841733625517293e+01 3.555149744338933715e+00 1.492573654735816824e+01
6.618748478207938035e+01 3.509252495738982347e+00 1.487411736060384726e+01
6.636961285609933725e+01 3.567202337472607621e+00 1.499634769905040166e+01
6.649123447772096540e+01 3.591551010469929306e+00 1.508144631117604106e+01
6.662478694911126809e+01 3.507791575359143099e+00 1.505381056732408140e+01
6.657572437302167145e+01 3.566228390552714789e+00 1.508753347942537104e+01
6.637825663501338624e+01 3.661796932067202359e+00 1.514158753347942543e+01
6.649184319454589343e+01 3.688945702459216047e+00 1.526053080107134186e+01
6.628049671292914979e+01 3.536036036036036112e+00 1.503603603603603567e+01
6.637472607742877528e+01 3.621499878256634997e+00 1.504017531044557998e+01
6.652252252252252163e+01 3.750426101777453169e+00 1.521378134891648415e+01
6.624494765035305477e+01 3.546140735329924354e+00 1.499926953981008104e+01
6.612636961285609516e+01 3.586681275870465146e+00 1.492111029948867795e+01
6.595105916727538897e+01 3.880326272218164174e+00 1.537253469685902196e+01
6.598672997321645539e+01 3.773435597759922100e+00 1.530350620891161384e+01
6.610506452398344379e+01 3.501339177014852755e+00 1.497918188458728928e+01
6.662685658631605179e+01 3.863525687850012158e+00 1.538531775018261527e+01
6.717884100316533136e+01 4.368395422449476762e+00 1.609410762113464699e+01
6.694265887509131119e+01 3.845385926467007387e+00 1.560591672753834835e+01
6.700292184075968294e+01 3.454589724859995048e+00 1.509715120525931376e+01
6.759495982468955333e+01 4.101412223033844562e+00 1.592975407840272695e+01
6.776223520818115276e+01 4.363525687850012602e+00 1.624312149987825649e+01
6.716922327733138331e+01 3.476138300462624731e+00 1.517774531288044848e+01
6.693425858290723340e+01 3.433771609447285211e+00 1.490650109569028459e+01
6.698100803506208933e+01 4.288288288288288008e+00 1.578914049184319524e+01
6.671950328707085021e+01 4.012783053323594196e+00 1.549939128317506665e+01
6.608984660336011530e+01 3.114438763087411743e+00 1.430314097881665525e+01
6.623106890674458214e+01 3.536401266130996035e+00 1.487801314828341859e+01
6.650706111516922192e+01 4.383369856342829607e+00 1.574884343803262787e+01
6.608948137326515848e+01 3.617969320672023592e+00 1.493754565376186960e+01
6.603043584124665699e+01 3.204772339907475232e+00 1.448940832724616534e+01
6.694971999026053311e+01 4.106525444363282595e+00 1.566995373752130583e+01
6.718005843681518741e+01 4.410031653274896435e+00 1.601546140735329971e+01
6.670586803019234878e+01 3.389700511322133014e+00 1.492987582176771433e+01
6.703542731921110942e+01 3.563550036523009279e+00 1.520099829559289084e+01
6.817884100316533136e+01 4.711955198441684978e+00 1.674153883613342941e+01
6.804285366447528816e+01 4.234477720964207492e+00 1.628731434136839695e+01
6.738909179449720455e+01 3.125639152666179754e+00 1.503871439006574207e+01
6.787411736060384726e+01 3.705381056732408140e+00 1.563184806428049711e+01
6.851460920379838626e+01 4.860360360360360232e+00 1.692951059167275218e+01
6.796177258339420746e+01 3.913196980764548361e+00 1.572656440224007746e+01
6.708862916971024504e+01 2.970781592403214155e+00 1.447674701728755764e+01
6.744533722912100870e+01 3.979181884587290163e+00 1.553104455807158502e+01
6.758728999269540338e+01 4.991112734355978020e+00 1.647285122960798631e+01
6.693231068906744952e+01 3.946554662770878963e+00 1.520891161431701910e+01
6.667129291453615281e+01 3.324202580959337627e+00 1.451107864621378063e+01
6.768602386169953888e+01 4.373508643778913907e+00 1.587618699780862030e+01
6.801594838081324212e+01 5.050280009739469556e+00 1.659325541757974065e+01
6.741928414901387612e+01 3.711955198441684978e+00 1.503749695641587536e+01
6.777976625273922195e+01 3.504139274409544758e+00 1.483966398831263689e+01
6.881202824446067723e+01 4.983564645726807463e+00 1.657170684197711097e+01
6.897370343316289620e+01 4.966642317993668954e+00 1.672729486242999641e+01
6.829401022644266561e+01 3.421840759678597355e+00 1.493486729973216498e+01
6.868833698563427959e+01 3.745434623813002073e+00 1.530849768687606449e+01
6.957608960311662827e+01 5.290601412223034039e+00 1.710664718772826731e+01
6.912600438276113834e+01 4.366934502069637070e+00 1.612843925006087176e+01
6.815790114438763680e+01 3.136596055514974335e+00 1.458984660336011707e+01
6.899062576089603738e+01 4.121378134891648060e+00 1.578171414657901117e+01
6.972729486242999997e+01 5.557462868273678858e+00 1.742220598977355905e+01
6.910956902848795380e+01 4.241051862673484329e+00 1.601801801801801872e+01
6.807085463842220463e+01 3.111516922327733248e+00 1.462283905527148775e+01
6.862843925006086465e+01 4.212807401996591317e+00 1.590284879474068624e+01
6.903920136352569159e+01 5.433162892622352302e+00 1.716678841003165346e+01
6.818918918918919303e+01 4.181154127100072948e+00 1.572778183588994416e+01
6.760202093985877525e+01 3.350864377891404899e+00 1.476296566837107349e+01
6.809118578037497116e+01 4.580959337716094204e+00 1.611650840029218301e+01
6.836498660822985585e+01 5.299488677867056019e+00 1.714195276357438402e+01
6.776065254443632568e+01 3.860360360360360232e+00 1.556683710737764770e+01
6.771719016313610950e+01 3.411857803749695606e+00 1.508753347942537104e+01
6.862953494034574931e+01 4.634404674945215241e+00 1.659471633795958212e+01
6.893644996347698850e+01 5.074506939371803860e+00 1.723837350864377882e+01
6.819685902118334297e+01 3.651692232773313673e+00 1.552921840759678673e+01
6.817701485269053308e+01 3.542123204285366533e+00 1.542951059167275396e+01
6.896104212320427962e+01 4.924153883613342941e+00 1.679425371317263327e+01
6.897114682249817008e+01 4.875456537618699571e+00 1.678974920866812681e+01
6.804857560262965421e+01 3.668858047236425612e+00 1.525164353542731988e+01
6.820063306549792514e+01 3.901996591185780350e+00 1.552227903579254864e+01
6.891490138787436592e+01 5.227173119065010809e+00 1.709021183345507566e+01
6.851546140735329971e+01 4.592281470659848708e+00 1.639225712198685159e+01
6.786376917457998559e+01 3.563793523252982709e+00 1.515619673727781880e+01
6.845945945945945255e+01 4.312880448015583568e+00 1.604577550523496399e+01
6.884989043097151296e+01 5.154857560262965599e+00 1.691246652057462896e+01
6.823727781835890482e+01 4.013148283418553675e+00 1.562271731190650037e+01
6.806647187728269444e+01 3.739225712198685159e+00 1.539103968833698488e+01
6.910116873630387602e+01 4.848794740686632743e+00 1.680654979303627883e+01
6.950754808862916434e+01 5.165936206476747117e+00 1.737630874117360591e+01
6.868273679084489913e+01 3.943024105186267558e+00 1.596274653031409763e+01
6.838336985634282428e+01 3.561967372778183538e+00 1.529401022644265851e+01
6.944911127343559087e+01 5.022400779157536022e+00 1.719831994156318444e+01
6.971755539323106632e+01 5.503895787679571328e+00 1.788069150231312321e+01
6.858035062089116707e+01 3.696250304358412286e+00 1.561711711711711636e+01
6.845264183102021605e+01 3.499391283175067091e+00 1.535695154614073488e+01
6.928049671292914979e+01 5.658631604577550434e+00 1.781592403214024856e+01
6.932079376673971183e+01 5.817384952520087360e+00 1.786839542244947765e+01
6.762929145361577810e+01 3.361821280740199480e+00 1.483503774044314660e+01
6.783649866082298274e+01 3.560384709033357797e+00 1.509362064767470102e+01
6.924579985390796821e+01 6.131239347455563760e+00 1.822437302167032058e+01
6.857730703676649853e+01 5.215242269296322952e+00 1.705746286827367797e+01
6.729303627952276656e+01 3.196859021183345639e+00 1.463196980764548272e+01
6.837083028974920751e+01 4.371925980034087722e+00 1.619917214511809078e+01
6.947187728268809792e+01 6.395544192841490450e+00 1.857560262965668230e+01
6.820136352568785298e+01 4.398344290236182452e+00 1.619381543705868154e+01
6.761943024105185884e+01 3.299732164597029449e+00 1.475748721694667687e+01
6.878280983686389050e+01 5.112734355977599066e+00 1.693377160944728388e+01
6.941319698076455325e+01 6.010469929388848165e+00 1.799513026540053673e+01
6.828634039444850146e+01 3.838446554662771071e+00 1.543851960068176332e+01
6.825906988069149861e+01 3.642317993669344833e+00 1.520915510104699209e+01
6.926710494278061958e+01 5.867177988799610056e+00 1.788653518383248198e+01
6.902800097394691647e+01 5.732895057219381307e+00 1.765376186997808716e+01
6.770696372047723344e+01 3.668249330411492704e+00 1.514913562210859510e+01
6.788446554662770893e+01 4.165814463111760624e+00 1.555040175310445605e+01
6.909946432919406334e+01 6.041149257365473701e+00 1.792171901631360953e+01
6.841587533479425076e+01 4.876673971268566277e+00 1.659386413440467578e+01
6.761188215242269450e+01 3.615656196737278005e+00 1.505868030192354468e+01
6.840796201607012961e+01 4.854151448746043762e+00 1.664097881665449208e+01
6.898904309715121030e+01 5.871195519844168764e+00 1.789870952033114193e+01
6.804894083272461103e+01 4.308375943511078887e+00 1.602970538105673270e+01
6.789530070611151302e+01 3.920623326028731537e+00 1.551619186754321866e+01
6.923119065010956774e+01 5.471390309228147508e+00 1.731032383735086455e+01
6.967263209155100867e+01 5.736790844898952635e+00 1.775809593377161022e+01
6.882590698806914986e+01 4.197832968103238471e+00 1.593547601655709833e+01
6.889870952033113838e+01 4.460798636474311962e+00 1.617433649866082135e+01
6.907134161188214705e+01 5.741660579498417682e+00 1.762916971025079249e+01
6.857840272705136897e+01 4.992330168005843838e+00 1.683990747504261165e+01
6.754175797419040350e+01 3.920379839298758107e+00 1.561821280740199747e+01
6.805405405405404906e+01 4.459337716094473159e+00 1.643876308741173631e+01
6.885634282931580685e+01 5.286583881178475330e+00 1.742853664475286024e+01
6.867957146335524499e+01 4.773800827854882023e+00 1.688653518383248198e+01
6.838190893596299702e+01 4.219868517165814126e+00 1.625237399561724061e+01
6.847078159240321327e+01 4.749939128317506309e+00 1.670379839298758284e+01
6.869868517165814126e+01 5.290601412223034039e+00 1.730667153640126443e+01
6.862795227660092223e+01 4.798758217677136173e+00 1.674774774774774855e+01
6.903007061115168597e+01 5.043949354760165704e+00 1.708144631117604106e+01
7.006269783296809806e+01 5.409422936449963082e+00 1.765290966642318082e+01
6.775188702215729109e+01 2.073654735816897965e+00 1.344728512296079792e+01
7.079267104942780975e+01 9.650109569028488821e+00 2.221292914536157781e+01
7.636352568785001438e+01 2.145605064523983430e+01 3.578548819089359512e+01
6.765997078159240630e+01 2.016922327733138509e+00 1.296018991964937861e+01
6.685938641344046118e+01 1.373265157048940921e+00 1.170404187971755583e+01
7.636705624543462534e+01 2.647479912344777375e+01 4.146347699050402014e+01
7.442853664475286735e+01 1.910798636474312318e+01 3.329681032383734873e+01
6.679741904066229097e+01 4.044314584855125405e-01 1.055539323106890670e+01
6.864755295836377513e+01 5.723277331385439481e+00 1.705709763817871760e+01
7.394314584855125361e+01 3.494424153883613116e+01 5.162673484295105908e+01
6.940126613099586450e+01 6.642317993669345277e+00 1.850133917701485231e+01
6.816398831263695968e+01 3.848307767226686327e-01 1.017944971999026116e+01
7.361005600194789622e+01 1.763330898466033503e+01 3.147540784027270533e+01
7.615668371073776655e+01 3.260737764791819160e+01 4.908485512539566287e+01
6.739396152909665716e+01 1.545045045045045029e+00 1.246652057462868335e+01
6.785999513026540342e+01 9.067445824202581273e-01 1.144947650353055835e+01
7.541940589237886172e+01 2.696907718529340059e+01 4.223265157048940921e+01
7.529559289018747847e+01 2.336936936936936959e+01 3.807937667397126802e+01
6.733503774044314127e+01 6.307523739956172326e-01 1.112563915266617975e+01
6.769783296810324202e+01 2.640126613099586184e+00 1.341027514000487031e+01
7.693778914049184436e+01 3.127489651813976224e+01 4.728743608473337900e+01
7.217311906501095109e+01 1.245751156561967399e+01 2.562186510835159581e+01
6.690041392744095106e+01 5.144874604334064294e-01 1.065692719746773776e+01
6.922193815437059072e+01 7.476138300462625175e+00 1.926454833211590056e+01
7.696323350377404893e+01 3.053713172632091499e+01 4.595288531775018015e+01
6.765412710007304042e+01 4.623082542001460737e+00 1.605174093011930836e+01
6.595592890187484159e+01 8.114195276357438757e-01 1.081348916484051692e+01
7.161115169223276666e+01 1.390211833455076729e+01 2.689383978573167866e+01
7.575517409301193084e+01 2.346018991964938039e+01 3.763391770148526660e+01
6.671049427806184440e+01 2.045897248599951368e+00 1.276868760652544488e+01
6.614560506452397703e+01 1.806671536401266209e+00 1.244411979547114733e+01
7.404967129291453887e+01 1.790637935232529898e+01 3.134550766983199566e+01
7.202629656683710380e+01 1.310725590455320244e+01 2.594107621134648056e+01
6.634429023618213250e+01 1.629169710250791381e+00 1.208838568298027738e+01
6.750876552227903460e+01 3.571463355247138871e+00 1.449391283175067002e+01
7.426661796932067716e+01 1.683175066958850863e+01 3.021816411005600145e+01
6.992756269783296830e+01 7.590942293644996397e+00 1.964706598490382206e+01
6.650121743364987026e+01 1.692111029948867751e+00 1.251241782322863472e+01
6.850949598246896244e+01 5.287314341368395176e+00 1.683552471390309080e+01
7.323654735816897698e+01 1.446165084002921830e+01 2.767774531288044670e+01
6.890540540540540349e+01 5.506695885074263330e+00 1.735682980277574927e+01
6.689956172388605182e+01 2.152787923058193442e+00 1.322899926953981087e+01
6.915570976381786750e+01 5.836255174093011533e+00 1.772546871195519813e+01
7.205575846116386174e+01 1.220781592403213978e+01 2.503822741660579609e+01
6.829461894326759364e+01 4.817750182615047727e+00 1.655977599220842578e+01
6.680034088142195969e+01 2.535062089116143280e+00 1.382128074019965958e+01
6.951740930119308359e+01 6.921597272948623925e+00 1.950304358412466499e+01
7.114828341855368876e+01 1.030728025322619956e+01 2.333674214755295750e+01
6.796822498173850136e+01 4.101046992938885083e+00 1.583041149257365454e+01
6.748307767226685883e+01 3.113708302897491897e+00 1.468468468468468480e+01
7.037971755539322771e+01 8.142317993669344389e+00 2.068797175553932277e+01
7.063075237399561956e+01 8.629291453615778096e+00 2.127842707572437320e+01
6.797029461894327085e+01 3.629778427075724512e+00 1.505941076211346541e+01
6.852605308010713259e+01 4.072072072072072224e+00 1.559106403700998378e+01
7.070939858777695974e+01 7.991843194545896978e+00 2.040138787436084655e+01
6.955673240808376079e+01 6.263330898466033858e+00 1.837314341368395532e+01
6.825566106647187326e+01 4.229121012904796473e+00 1.587776966155344560e+01
6.881628926223520182e+01 4.999878256635013507e+00 1.683990747504261165e+01
6.963403944485025931e+01 6.326637448259069707e+00 1.826880934989043226e+01
6.940224007791574934e+01 5.785366447528609513e+00 1.755758461163866713e+01
6.863744825906988467e+01 4.563793523252982709e+00 1.611955198441684800e+01
6.841417092768443808e+01 4.898466033601168945e+00 1.652714877039201369e+01
6.917202337472608065e+01 6.377282688093498741e+00 1.817811054297540707e+01
6.893791088385682997e+01 5.892135378621865094e+00 1.757633308984660303e+01
6.783430728025322765e+01 4.143900657414170574e+00 1.552946189432675972e+01
6.834197711224737759e+01 4.797297297297297369e+00 1.641039688336985591e+01
6.952775748721694526e+01 6.901266130995860948e+00 1.889810080350621035e+01
6.883747260774288179e+01 5.743121499878256486e+00 1.744326759191623921e+01
6.785646457268079246e+01 3.962503043584124640e+00 1.543231068906744596e+01
6.904906257608959663e+01 5.575602629656684073e+00 1.725919162405648777e+01
7.029863647431214702e+01 7.446676406135865456e+00 1.968285853420988474e+01
6.895885074263452452e+01 5.160944728512296464e+00 1.700827854881908863e+01
6.841173606038471178e+01 4.207328950572193804e+00 1.576430484538592580e+01
6.975188702215729109e+01 6.187971755539322771e+00 1.825736547358168949e+01
7.022181641100560512e+01 7.252860969077185693e+00 1.936036036036036023e+01
6.880545410275139773e+01 4.867421475529583930e+00 1.662600438276113834e+01
6.864487460433406341e+01 4.531775018261504862e+00 1.615668371073776655e+01
7.000852203554906339e+01 6.858047236425615090e+00 1.901874847820793590e+01
6.971913805697589339e+01 6.492208424640857345e+00 1.871110299488677953e+01
6.849439980521061955e+01 4.261383004626248194e+00 1.600231312393474425e+01
6.879656683710737752e+01 4.890187484782079430e+00 1.674080837594351223e+01
7.030703676649622480e+01 7.328098368638909399e+00 1.975140004869734511e+01
6.992938884830776658e+01 6.361943024105186417e+00 1.864475286096907780e+01
6.885001217433649856e+01 4.440224007791575112e+00 1.625590455320185157e+01
6.930861943024105187e+01 5.069271974677380221e+00 1.696798149500852304e+01
7.037448259069880407e+01 7.110299488677867430e+00 1.934404674945215419e+01
6.997126856586315569e+01 5.864377891404918053e+00 1.789919649379108790e+01
6.909033357682005771e+01 4.340881421962502706e+00 1.600535670805940924e+01
6.970769418066714707e+01 5.648283418553688762e+00 1.748855612369125723e+01
7.016435354273191649e+01 6.898953007061114917e+00 1.876089603116630045e+01
6.922059897735573486e+01 5.552106160214268726e+00 1.707864621378134729e+01
6.880301923545167142e+01 4.926588750913075465e+00 1.628171414657901295e+01
6.903067932797662820e+01 5.798879961042123554e+00 1.719917214511809078e+01
6.926686145605064837e+01 6.077672266861456229e+00 1.773240808375943445e+01
6.891271000730459662e+01 5.490990990990990639e+00 1.701400048697345824e+01
6.864925736547358781e+01 5.220964207450694339e+00 1.664755295836376803e+01
6.911297784270757916e+01 5.616143170197224421e+00 1.736620404187971900e+01
6.958022887752618146e+01 6.180667153640126976e+00 1.800486973459946327e+01
6.929315802288775217e+01 5.538714390065741178e+00 1.733966398831263689e+01
6.867811054297540352e+01 5.196615534453372653e+00 1.683102020939858789e+01
6.899987825663501440e+01 5.917336255174093118e+00 1.768164110056001803e+01
6.916812758704651287e+01 6.377526174823471727e+00 1.832955928901874998e+01
6.868772826880935156e+01 5.157535914292671109e+00 1.700085220355490634e+01
6.859909909909909231e+01 5.082542001460920389e+00 1.679437545653761887e+01
6.966593620647674356e+01 7.519478938397857526e+00 1.942585829072315562e+01
6.909715120525930843e+01 6.448259069880691641e+00 1.817896274653031341e+01
6.756428049671292513e+01 4.096785975164353388e+00 1.531714146579011526e+01
6.876028731434136887e+01 5.791088385682980011e+00 1.731421962503043588e+01
7.066544923301680114e+01 9.178110542975407071e+00 2.142537131726320965e+01
6.857864621378135439e+01 5.644144144144144448e+00 1.724287801314828172e+01
6.740917944971998566e+01 3.777331385439493427e+00 1.488008278548819163e+01
6.950730460189919313e+01 7.578402727051376075e+00 1.978804480155831413e+01
7.033102020939858789e+01 9.554906257608960729e+00 2.195848551253956771e+01
6.728938397857317000e+01 4.323472120769418225e+00 1.560956902848794670e+01
6.742391039688337173e+01 4.112734355977599066e+00 1.536036036036036023e+01
7.040796201607012961e+01 9.470172875578281690e+00 2.177197467738008285e+01
6.982761139517896254e+01 8.038105673240808713e+00 2.015899683467251080e+01
6.732602873143413547e+01 3.537983929875821776e+00 1.468590211833455150e+01
6.829315802288775217e+01 5.202580959337716138e+00 1.680715850986121396e+01
7.097224251278305474e+01 1.017129291453615814e+01 2.268078889700511169e+01
6.897065984903822766e+01 6.215607499391283319e+00 1.800840029218407423e+01
6.778987095203311242e+01 3.728390552714877071e+00 1.502580959337716138e+01
6.998636474312149858e+01 7.319819819819819884e+00 1.936498660822985229e+01
7.137253469685902019e+01 1.029997565132700288e+01 2.282566350133917865e+01
6.824446067689311235e+01 4.817506695885073853e+00 1.634063793523252883e+01
6.714183102020939486e+01 4.161309958607255943e+00 1.556841977112247299e+01
7.028974920866812681e+01 9.316897979060140500e+00 2.190747504261017653e+01
7.033004626247868885e+01 9.457389822254686607e+00 2.209483808132456772e+01
6.740017044071097985e+01 4.296079863647431551e+00 1.581409788166544850e+01
6.794058923788654170e+01 4.908448989530070250e+00 1.658680301923545031e+01
7.102934015096177234e+01 1.045385926467007565e+01 2.331592403214024856e+01
6.978317506695884731e+01 7.721085950815680832e+00 2.005441928414901298e+01
6.786729973216459655e+01 3.989530070611151835e+00 1.567640613586559617e+01
6.924080837594351578e+01 6.150718285853421285e+00 1.827489651813976224e+01
7.160883856829802596e+01 1.066301436571706773e+01 2.365144874604333936e+01
6.977757487216946686e+01 6.533844655466277018e+00 1.883357682006330691e+01
6.847005113221329964e+01 4.189919649379108435e+00 1.599890430971512068e+01
7.037083028974920751e+01 7.403214024835646612e+00 1.955709763817871760e+01
7.084319454589724785e+01 9.719138056975895168e+00 2.209593377160944883e+01
6.867871925980034575e+01 5.604699293888483425e+00 1.730180180180180116e+01
6.828293158022887610e+01 4.878134891648405080e+00 1.657608960311663182e+01
6.992598003408814122e+01 8.236182128074020170e+00 2.053786218651083573e+01
6.997772096420744958e+01 8.054419284149014757e+00 2.049391283175067002e+01
6.837095203311419311e+01 4.911249086924762253e+00 1.656744582420257927e+01
6.877282688093498564e+01 5.723399074750425974e+00 1.750426101777453169e+01
7.039493547601655621e+01 8.939371804236669661e+00 2.149184319454589698e+01
6.967981495008521620e+01 7.037862186510834839e+00 1.931190650109569162e+01
6.832688093498904891e+01 4.894935476016557097e+00 1.656647187728268733e+01
6.953567080594108063e+01 6.656683710737764770e+00 1.881275870465059796e+01
7.066045775505234872e+01 8.770148526905282793e+00 2.118200633065497840e+01
6.919600681762844374e+01 6.083881178475772700e+00 1.786827367908448849e+01
6.854370586803018739e+01 5.125152179206232894e+00 1.670635500365230186e+01
6.985622108595082125e+01 7.674458242025809618e+00 1.973228634039444884e+01
7.041977112247381854e+01 8.188458728999268743e+00 2.053104455807158502e+01
6.875541757974190205e+01 5.369856342829315565e+00 1.699330411492573489e+01
6.864292671049427952e+01 5.280131482834185874e+00 1.687375213050888689e+01
6.975006087168249280e+01 7.959824689554419130e+00 2.030472364256148055e+01
6.987996104212319892e+01 7.679814950085220637e+00 1.990455320185050070e+01
6.895191137083028821e+01 5.497565132700267476e+00 1.732225468711955330e+01
6.925931336742146982e+01 6.048088629169710018e+00 1.797686876065254324e+01
7.030326272218164263e+01 7.883126369612855733e+00 2.021779887996104108e+01
6.978378378378378954e+01 6.914170927684441637e+00 1.900121743364986671e+01
6.895690284879474063e+01 5.672388604821037461e+00 1.744728512296079970e+01
6.935317750182615271e+01 6.412466520574628959e+00 1.838702215729242795e+01
6.958047236425615267e+01 7.221451180910640311e+00 1.921256391526661744e+01
6.900608716824933708e+01 6.286096907718529359e+00 1.805819332846359870e+01
6.867044071098125357e+01 5.965181397613830150e+00 1.757036766496225866e+01
6.933321158996834299e+01 6.903457511565619598e+00 1.875663501339176875e+01
6.959544679814949575e+01 7.223764304845386341e+00 1.915692719746773776e+01
6.876941806671536028e+01 6.193815437058680651e+00 1.773800827854881845e+01
6.861309958607256476e+01 6.070611151692232532e+00 1.755003652300949568e+01
6.922205989773557633e+01 7.185171658144630769e+00 1.898660822985147334e+01
6.934526418310201734e+01 7.107499391283175427e+00 1.901826150474798993e+01
6.874007791575358794e+01 5.501826150474799171e+00 1.698526905283662103e+01
6.875079133187240643e+01 5.851594838081324745e+00 1.748490382274166066e+01
6.993304114925736314e+01 8.102264426588751789e+00 2.018334550766983071e+01
6.944472851229608068e+01 7.102020939858777915e+00 1.905125395665936239e+01
6.803262722181641209e+01 4.659727294862429758e+00 1.608862916971025214e+01
6.852775748721694526e+01 6.107499391283175427e+00 1.768407596785975144e+01
7.013416118821524492e+01 8.954954954954954971e+00 2.120258095933771614e+01
6.883978573167762249e+01 6.584368151935719560e+00 1.844387630874117434e+01
6.771207694180667147e+01 4.613586559532505404e+00 1.618517165814463254e+01
6.901765278792305480e+01 6.835646457268079068e+00 1.870501582663744955e+01
7.020221572924275222e+01 9.071341611882152378e+00 2.135269052836620318e+01
6.879340150961772338e+01 6.147918188458729283e+00 1.793778914049184436e+01
6.828682736790844388e+01 5.071585098612125364e+00 1.688117847577306918e+01
6.955843681519357347e+01 7.476868760652544132e+00 1.964049184319454611e+01
6.981008035062089334e+01 7.890187484782079430e+00 2.005332359386413543e+01
6.873350377404430844e+01 5.535305575846116710e+00 1.725797419040662461e+01
6.893097151205259365e+01 5.804114925736547193e+00 1.766581446311176151e+01
6.976150474799123913e+01 7.809349890430971719e+00 2.003031409788166428e+01
6.925651327002678670e+01 6.742391039688336640e+00 1.874640857073289624e+01
6.855198441684927957e+01 5.476625273922571147e+00 1.711711711711711814e+01
6.926491356221086448e+01 6.816289262235208035e+00 1.880861943024105187e+01
6.978086194302410661e+01 8.032505478451424707e+00 2.022425127830533143e+01
6.889359629900170034e+01 6.132213294375456591e+00 1.797881665449233068e+01
6.857706355003652732e+01 5.545045045045045029e+00 1.730508887265644091e+01
6.999951302654005758e+01 7.470172875578280802e+00 1.986900413927440923e+01
7.009532505478451014e+01 7.585829072315558363e+00 1.997090333576819887e+01
6.925176527879230548e+01 5.769783296810324202e+00 1.780910640370099784e+01
6.909885561236912110e+01 5.986242999756512972e+00 1.783735086437789263e+01
6.992938884830776658e+01 7.788897005113221361e+00 1.994813732651570604e+01
6.984173362551740638e+01 6.951302654005356629e+00 1.910883856829802951e+01
6.917031896761626797e+01 5.696128560993425793e+00 1.762563915266617798e+01
6.957888970051132560e+01 6.657535914292671109e+00 1.875371317263209292e+01
7.023374726077429386e+01 7.805332359386413010e+00 2.011857803749695606e+01
6.978719259800341490e+01 6.383004626247869240e+00 1.839396152909666426e+01
6.939091794497200283e+01 5.696250304358412286e+00 1.753700998295592939e+01
7.005868030192354468e+01 6.979790601412222628e+00 1.907328950572193804e+01
7.048648648648648418e+01 7.721085950815680832e+00 2.005551497443389408e+01
6.956330654979304029e+01 6.261748234721207673e+00 1.836364743121499998e+01
6.911809106403700298e+01 5.623691258826394090e+00 1.749890430971511890e+01
6.957304601899195973e+01 7.226564402240078344e+00 1.927964450937423990e+01
6.974397370343316993e+01 8.097394691989286741e+00 2.010506452398344379e+01
6.866337959581203165e+01 5.975894813732651301e+00 1.759958607255904539e+01
6.830155831507182995e+01 5.743730216703189839e+00 1.738069150231312321e+01
6.932140248356463985e+01 8.156440224007791784e+00 1.992086681275870319e+01
6.912843925006086465e+01 7.796566837107377523e+00 1.949805210616021256e+01
6.793559775992208927e+01 5.382152422692962901e+00 1.660129047966885807e+01
6.827075724373021615e+01 5.883491599707816100e+00 1.724153883613342941e+01
6.978536644752861662e+01 8.356221085950815919e+00 2.013160457755052235e+01
6.921731190650109511e+01 7.207085463842220818e+00 1.878926223520818084e+01
6.821670318967616709e+01 5.353177501826150042e+00 1.690333576820063399e+01
6.909435110786462531e+01 6.642926710494277742e+00 1.837874360847333932e+01
7.007462868273678680e+01 8.171901631361091489e+00 2.011723886048210375e+01
6.896907718529340059e+01 6.359264670075480907e+00 1.789554419284149134e+01
6.851241782322863116e+01 5.440467494521548986e+00 1.696384222059897695e+01
6.964061358655953882e+01 7.348672997321646250e+00 1.917433649866082135e+01
7.029790601412223339e+01 8.120404187971756116e+00 2.017591916240564842e+01
6.896700754808863110e+01 5.897005113221329253e+00 1.749318237156074929e+01
6.865924032140247846e+01 5.786218651083515851e+00 1.733613343072802593e+01
6.982773313854394814e+01 8.204163623082541434e+00 2.010969077185293230e+01
6.987314341368394821e+01 7.588872656440224240e+00 1.969174579985390849e+01
6.871280740199658510e+01 5.399439980521061777e+00 1.723654735816898054e+01
6.923289505721938042e+01 6.340150961772583749e+00 1.832176771365960732e+01
7.006184562941319882e+01 8.155344533722912459e+00 2.036961285609934436e+01
6.933187241295348713e+01 6.578280983686388694e+00 1.856026296566837175e+01
6.885719503287070609e+01 5.658144631117604462e+00 1.745933771609447405e+01
6.975675675675675791e+01 7.417944971999026471e+00 1.970318967616264771e+01
6.991745799853907783e+01 7.560019478938397874e+00 1.982809836863890851e+01
6.897212076941806913e+01 5.646700754808862577e+00 1.745568541514487393e+01
6.919625030435841495e+01 6.224981738495252159e+00 1.810542975407840416e+01
7.043730216703190194e+01 8.420014609203798628e+00 2.076673971268565921e+01
6.949866082298514414e+01 6.884830776722668411e+00 1.898612125639152737e+01
6.873082542001461093e+01 5.522766009252495500e+00 1.731227173119064844e+01
6.970331141952763687e+01 7.330289749208668049e+00 1.932785488190893730e+01
7.015230094959824214e+01 8.324080837594351578e+00 2.060567324080837537e+01
6.913708302897492786e+01 6.229607986364743333e+00 1.806379352325298271e+01
6.866374482590698847e+01 5.796932067202337890e+00 1.755612369125882566e+01
6.932627221816410668e+01 7.681397613830045934e+00 1.972948624299975506e+01
6.949671292914536025e+01 7.838446554662771071e+00 1.986778670562454252e+01
6.859325541757974065e+01 5.952641831020209828e+00 1.763878743608473343e+01
6.844838081324567725e+01 6.146092037983930112e+00 1.765972729486243153e+01
6.913976138300462537e+01 7.341977112247382919e+00 1.924859995130265489e+01
6.911723886048210375e+01 7.090090090090090058e+00 1.896165084002921830e+01
6.879011443876308363e+01 6.457146335524713621e+00 1.808814219625030262e+01
6.862162162162162815e+01 6.510835159483808532e+00 1.812515217920623201e+01
6.899829559289018732e+01 7.013513513513513153e+00 1.867080594107621039e+01
6.928914049184319879e+01 7.236303871439006663e+00 1.892975407840272695e+01
6.922656440224007213e+01 6.693328463598733791e+00 1.841477964450937321e+01
6.916118821524226234e+01 6.503895787679571328e+00 1.817068419771122478e+01
6.935950815680546100e+01 6.979547114682249642e+00 1.879607986364743155e+01
6.934100316532749275e+01 7.066837107377647698e+00 1.882505478451424352e+01
6.909179449719989918e+01 6.675066958850742971e+00 1.832286340394448487e+01
6.931714146579011526e+01 6.951667884100316108e+00 1.867311906501095820e+01
6.932140248356463985e+01 7.252739225712198312e+00 1.901680058436815202e+01
6.901692232773314117e+01 6.609569028487947584e+00 1.838263939615291065e+01
6.890893596299001445e+01 6.437545653761869602e+00 1.826978329681032420e+01
6.946152909666423625e+01 7.038349159970781699e+00 1.913014365717068443e+01
6.967409301193085014e+01 7.137570002434867611e+00 1.924117360603847260e+01
6.939006574141708938e+01 6.467981495008522153e+00 1.844558071585098702e+01
6.930934989043096550e+01 6.378134891648405080e+00 1.840820550280009726e+01
6.953944485025566280e+01 6.728025322619917148e+00 1.891246652057462896e+01
6.971098125152178682e+01 6.837229121012904365e+00 1.897199902605307997e+01
6.952118334550766576e+01 6.694302410518626623e+00 1.876028731434136887e+01
6.952033114195276653e+01 6.647918188458729283e+00 1.873411249086924713e+01
6.922132943754564849e+01 6.500608716824933353e+00 1.842293644996347624e+01
6.919819819819819884e+01 6.500486973459946860e+00 1.842634526418310159e+01
6.938702215729242084e+01 6.824202580959338071e+00 1.883893352812271615e+01
6.939091794497200283e+01 6.822011200389578534e+00 1.883503774044314483e+01
6.904833211589968300e+01 6.417944971999026471e+00 1.835293401509617794e+01
6.882578524470416426e+01 6.254687119551983976e+00 1.806708059410762246e+01
6.926150474799123913e+01 7.232408083759435335e+00 1.923423423423423273e+01
6.971585098612125364e+01 7.978086194302410838e+00 2.019308497686876080e+01
6.875736547358168593e+01 6.010835159483808532e+00 1.791027514000487031e+01
6.822619917214511531e+01 5.806549793036279716e+00 1.746798149500852304e+01
6.883564645726808351e+01 7.617725833942049718e+00 1.951887022157292506e+01
6.822096420745069167e+01 7.461650840029218301e+00 1.920294618943267650e+01
6.736084733382030265e+01 5.729364499634770347e+00 1.706281957633309077e+01
6.783869004139273784e+01 6.001582663744826185e+00 1.751412223033844739e+01
6.883722912101291058e+01 7.555149744338933715e+00 1.958229851473094740e+01
6.858522035549061968e+01 6.854760165570976227e+00 1.867190163136109149e+01
6.782822011200389056e+01 5.831020209398587895e+00 1.761443876308740997e+01
6.811431701972242081e+01 6.429875821767713440e+00 1.847759922084246398e+01
6.868091064037010085e+01 7.402483564645726766e+00 1.956890674458242074e+01
6.818602386169953888e+01 6.337594351107864732e+00 1.817263209155101222e+01
6.807560262965668585e+01 5.598368638909179573e+00 1.724847820793766573e+01
6.899829559289018732e+01 6.667762356951546288e+00 1.849427806184563039e+01
6.966715364012661382e+01 7.146822498173849958e+00 1.912685658631604468e+01
6.927185293401510080e+01 6.038105673240808713e+00 1.791514487460433358e+01
6.930216703189675798e+01 6.223886048210372834e+00 1.815583150718286021e+01
6.987801314828341503e+01 7.266252739225712354e+00 1.942074506939371759e+01
6.928159240321402024e+01 6.427806184562941283e+00 1.843912831750669667e+01
6.851193084976868874e+01 5.493912831750670023e+00 1.725383491599707853e+01
6.872035549062576365e+01 6.229607986364743333e+00 1.808339420501582495e+01
6.921000730460190198e+01 6.582420258095933896e+00 1.861955198441684800e+01
6.875310445580716134e+01 5.716216216216215784e+00 1.730387143900657421e+01
6.864597029461894806e+01 5.959702946189432637e+00 1.759483808132456772e+01
6.891283175066958222e+01 7.003287070854638863e+00 1.886705624543462534e+01
6.844156318480642653e+01 6.471025079133187141e+00 1.813671779887996038e+01
6.793328463598733435e+01 5.833820306793279897e+00 1.713245678110542869e+01
6.825237399561723350e+01 6.752739225712198312e+00 1.827574872169466857e+01
6.833942050158266568e+01 6.933041149257365809e+00 1.849281714146578892e+01
6.777854881908936591e+01 5.822741660579498379e+00 1.716666666666666785e+01
6.789943998052106622e+01 5.952763574385196321e+00 1.745166788410031700e+01
6.870282444606769445e+01 7.197589481373265485e+00 1.896384222059897695e+01
6.829827124421719020e+01 6.589237886535183719e+00 1.839323106890674353e+01
6.794813732651570604e+01 5.770392013635256667e+00 1.723910396883369955e+01
6.845081568054540355e+01 6.341490138787436059e+00 1.788324811297784223e+01
6.883588994399805472e+01 7.196615534453372653e+00 1.880837594351107711e+01
6.853177501826149864e+01 6.372899926953981442e+00 1.793571950328707132e+01
6.832237643048453890e+01 5.737886535183832848e+00 1.707962016070124278e+01
6.886206476747017291e+01 6.797906014122230722e+00 1.820197224251278456e+01
6.939286583881178672e+01 7.776966155344533504e+00 1.939773557341124999e+01
6.824421719016314114e+01 5.848064280496712897e+00 1.720355490625760808e+01
6.790650109569028814e+01 5.279887996104212000e+00 1.648064280496712897e+01
6.915570976381786750e+01 7.877647918188459109e+00 1.956184562941319527e+01
6.907888970051132560e+01 7.988190893596298636e+00 1.980594107621134725e+01
6.732834185536887617e+01 5.025079133187241531e+00 1.631738495252008647e+01
6.764548332115899143e+01 5.276966155344533504e+00 1.671219868517165708e+01
6.966897979060141211e+01 8.796079863647431551e+00 2.097650353055758288e+01
6.902337472607743507e+01 7.877647918188459109e+00 1.975164353542731988e+01
6.752264426588750723e+01 4.987338690041393185e+00 1.640041392744095461e+01
6.801631361090819894e+01 5.371317263209155257e+00 1.702045288531774858e+01
6.964548332115899143e+01 8.589237886535183719e+00 2.082395909422936597e+01
6.968115412710007206e+01 8.370099829559288551e+00 2.067019722425127881e+01
6.784149013878743517e+01 4.966642317993668954e+00 1.651229607986364911e+01
6.798210372534697399e+01 5.070976381787192899e+00 1.677124421719016212e+01
6.981482834185537456e+01 8.740930119308497837e+00 2.101960068176284224e+01
6.927428780131482711e+01 8.362186510835160291e+00 2.057791575359143010e+01
6.736644752860969732e+01 4.964937910883857164e+00 1.651643535427319165e+01
6.755892378865351589e+01 5.393718042366691279e+00 1.687570002434867433e+01
6.951838324811298264e+01 8.873265157048940921e+00 2.100048697345994597e+01
6.880947163379595111e+01 7.484173362551740816e+00 1.946542488434380402e+01
6.750353055758461096e+01 5.005356708059411019e+00 1.659581202824445967e+01
6.822619917214511531e+01 6.094472851229608246e+00 1.779181884587289986e+01
6.979425371317263682e+01 8.721329437545653818e+00 2.104796688580472264e+01
6.900340881421962536e+01 7.202702702702702631e+00 1.947065984903822766e+01
6.811529096664231986e+01 5.526540053567080335e+00 1.750121743364986671e+01
6.852167031896762239e+01 5.787192598003408683e+00 1.762101290479668947e+01
6.851655709763818436e+01 5.814584855125395357e+00 1.770258095933771614e+01
7.076028731434136887e+01 9.624178232286340062e+00 2.228670562454346182e+01
7.077574872169466857e+01 8.727903579254929767e+00 2.138787436084733429e+01
6.787472607742877528e+01 3.478938397857316733e+00 1.513038714390065742e+01
6.872948624299975506e+01 5.405770635500365628e+00 1.732773313854394814e+01
7.342500608716825639e+01 1.524957389822254683e+01 2.877927927927927954e+01
6.956281957633308366e+01 6.976625273922571147e+00 1.934782079376673991e+01
6.720818115412710370e+01 2.744582420258095734e+00 1.399026053080107168e+01
7.081421962503043233e+01 1.022753834915997118e+01 2.285025566106647332e+01
7.413988312636961098e+01 1.741441441441441285e+01 3.097918188458729105e+01
6.774908692476259375e+01 3.921353786218650939e+00 1.521414657901144452e+01
6.736669101533966852e+01 3.028244460676893013e+00 1.409082055028000902e+01
7.346225955685414988e+01 1.626393961529096543e+01 2.944862429997565201e+01
7.237655222790357357e+01 1.474458242025809618e+01 2.773691258826394090e+01
6.637022157292427949e+01 2.668371073776479196e+00 1.358327246165083935e+01
6.736973459946432286e+01 4.711955198441684978e+00 1.611529096664231631e+01
7.451229607986364556e+01 2.118164110056001803e+01 3.541733625517409223e+01
6.954504504504504325e+01 9.789383978573168221e+00 2.257061115169223342e+01
6.608704650596541796e+01 2.133552471390309346e+00 1.329425371317263149e+01
6.913464816167518734e+01 8.590577063550036030e+00 2.111906501095690203e+01
7.510189919649378965e+01 2.190455320185050070e+01 3.624044314584855186e+01
6.775724373021670033e+01 4.950693937180423276e+00 1.667908448989529901e+01
6.643158022887752168e+01 2.327976625273922462e+00 1.331373265157048991e+01
7.268602386169953888e+01 1.489043097151205330e+01 2.834124665205746396e+01
7.438945702459216136e+01 1.831336742147552954e+01 3.240893596299001445e+01
6.756038470903335735e+01 2.885196006817628334e+00 1.432590698806914986e+01
6.793584124665206048e+01 3.771852934015096359e+00 1.522412953494034582e+01
7.544911127343559087e+01 2.273995617238860589e+01 3.732444606768930839e+01
7.167531044558072040e+01 1.349610421232042867e+01 2.691928414901387967e+01
6.631020209398587895e+01 1.850620891161431691e+00 1.275626978329681016e+01
6.781580228877525940e+01 6.371925980034087722e+00 1.807438519600681914e+01
7.565120525931337170e+01 2.543218894570246036e+01 4.006829802775748561e+01
6.840723155588020177e+01 7.426710494278061958e+00 1.975152179206233427e+01
6.582688093498904891e+01 1.771609447285122929e+00 1.268931093255417508e+01
7.087910883856829969e+01 1.255478451424397335e+01 2.576393961529096543e+01
7.513720477233991346e+01 2.255989773557341138e+01 3.739700511322133281e+01
6.670452885317750713e+01 3.634648161675188671e+00 1.530642804967129322e+01
6.656026296566837175e+01 2.699172145118091226e+00 1.401217433649865995e+01
7.330070611151691651e+01 1.778743608473338256e+01 3.183613343072802593e+01
7.234818602386170028e+01 1.527331385439493516e+01 2.907280253226199207e+01
6.672425127830533143e+01 2.829437545653761710e+00 1.427014852690528279e+01
6.768797175553932277e+01 4.972851229607986312e+00 1.670233747260774138e+01
7.409021183345507211e+01 1.952422692963233430e+01 3.367117117117117431e+01
6.991465790114439471e+01 9.671901631361091489e+00 2.250900900900900936e+01
6.654054054054054745e+01 2.690406622839055295e+00 1.430021913805697586e+01
6.891794497199902025e+01 7.437180423666910123e+00 1.982834185536888327e+01
7.367628439250060524e+01 1.718626734842951009e+01 3.083771609447285300e+01
6.841149257365474057e+01 6.168005843681519274e+00 1.799586072559045391e+01
6.677343559775992787e+01 3.098490382274166066e+00 1.421317263209155080e+01
7.012308254200145541e+01 9.807036766496226576e+00 2.226917457998538907e+01
7.218054541027514404e+01 1.383722912101290525e+01 2.707998539079620315e+01
6.821475529583638320e+01 5.118821524226929931e+00 1.698003408814219739e+01
6.750438276113952440e+01 4.237399561723885988e+00 1.590467494521548630e+01
7.076467007548089327e+01 1.081641100560019453e+01 2.364633552471390132e+01
7.101302654005357340e+01 1.100365230094959834e+01 2.403299245191137246e+01
6.775407840272704618e+01 5.005843681519356991e+00 1.669734599464329250e+01
6.793352812271730556e+01 5.662649135622108254e+00 1.744533722912101226e+01
7.057913318724129681e+01 1.120647674701728747e+01 2.388884830776722623e+01
6.968151935719502887e+01 9.552106160214268726e+00 2.191064037009983068e+01
6.752300949598246405e+01 5.347942537131726404e+00 1.709252495738982347e+01
6.801083515948380409e+01 6.378134891648405080e+00 1.829814950085220460e+01
7.035962990017044660e+01 1.045629413196980728e+01 2.326004382761139411e+01
6.954236669101534574e+01 8.830168005843681556e+00 2.138994399805210733e+01
6.773727781835890482e+01 5.980277574872169488e+00 1.785975164353542866e+01
6.833369856342829962e+01 7.176040905770635803e+00 1.919393718042366714e+01
6.994643291940589336e+01 1.042062332602873198e+01 2.291161431701972262e+01
6.945215485756025942e+01 9.058071585098611322e+00 2.139834429023618156e+01
6.819551984416848711e+01 6.558802045288532057e+00 1.854638422205989912e+01
6.885950815680546100e+01 7.421110299488677953e+00 1.960336011687363111e+01
7.025797419040662817e+01 1.045592890187484869e+01 2.302008765522279177e+01
6.954650596542488472e+01 9.141465790114438050e+00 2.146785975164353388e+01
6.815193571950328533e+01 6.523496469442415346e+00 1.854930606281957495e+01
6.871244217190162829e+01 7.468955441928414984e+00 1.978792305819332853e+01
7.001874847820793946e+01 1.021451180910640311e+01 2.278694911127343659e+01
6.920087655222791057e+01 8.490869247626005034e+00 2.093401509617725864e+01
6.808035062089116707e+01 6.551740930119308359e+00 1.838519600681762967e+01
6.894156318480642653e+01 8.051619186754322754e+00 2.012125639152666068e+01
6.945458972485999993e+01 9.267591916240565553e+00 2.150791331872412826e+01
6.913805697589481269e+01 8.189797906014122830e+00 2.026296566837107349e+01
6.914730947163378971e+01 7.850255661066471546e+00 2.004480155831507204e+01
6.884794253713172907e+01 7.620525931336741721e+00 1.986596055514974424e+01
6.890966642317994229e+01 7.988799610421231989e+00 2.024640857073289624e+01
6.943291940589237754e+01 9.001339177014852311e+00 2.149963476990503963e+01
6.903786218651083573e+01 8.308862916971024859e+00 2.058205502800097264e+01
6.924543462381299719e+01 7.735938641344047184e+00 1.996006817628439123e+01
6.974628682736791063e+01 8.606890674458242074e+00 2.109301193084976944e+01
6.981020209398587895e+01 8.913440467494520902e+00 2.134830776722668588e+01
6.934002921840759370e+01 7.822376430484538901e+00 2.003226199172145172e+01
6.936084733382030265e+01 7.783540297053810342e+00 1.989797906014122120e+01
7.032736790844899133e+01 9.294740686632579241e+00 2.175395665936206413e+01
7.046932067202337180e+01 9.337594351107863844e+00 2.195556367177988832e+01
6.985098612125639761e+01 7.979181884587290163e+00 2.049306062819576368e+01
6.987789140491842943e+01 8.552106160214268726e+00 2.104954954954954971e+01
7.017652787923057645e+01 1.022546871195519813e+01 2.284319454589724785e+01
6.930983686389092213e+01 8.953737521305088265e+00 2.119564158753347982e+01
6.869357195032870322e+01 7.461407353299245315e+00 1.954674945215485593e+01
6.948928658388118151e+01 9.082785488190893375e+00 2.151314828341855545e+01
7.011139517896275208e+01 1.036060384709033322e+01 2.300085220355490634e+01
6.907097638178719023e+01 8.113830046262478390e+00 2.038020452885317724e+01
6.888763087411736308e+01 7.459459459459459651e+00 1.972108595081568083e+01
7.010871682493304036e+01 9.874604334063793232e+00 2.246031166301436599e+01
7.018870221572923640e+01 1.004066228390552773e+01 2.276649622595568445e+01
6.933442902361821325e+01 7.489286583881178849e+00 1.981653274896518013e+01
6.953007061115168597e+01 7.836376917457998914e+00 2.018042366691015488e+01
7.053579254930606623e+01 1.044387630874117434e+01 2.322607742878012971e+01
7.004236669101534574e+01 9.275626978329681194e+00 2.182663744825907060e+01
6.888422205989773772e+01 7.174579985390796111e+00 1.946639883126369597e+01
6.937460433406378968e+01 8.397492086681275225e+00 2.070258095933771614e+01
7.041757974190406344e+01 1.027307036766496218e+01 2.294497199902605189e+01
6.955709763817871760e+01 8.381543705868029548e+00 2.070221572924275577e+01
6.899427806184563394e+01 7.128195763330898771e+00 1.917056245434623918e+01
6.981409788166544672e+01 9.056854151448746393e+00 2.139140491843194525e+01
7.038288288288288186e+01 1.004005356708059438e+01 2.253506208911614195e+01
6.927574872169466857e+01 7.824567811054297550e+00 1.998648648648648773e+01
6.921219868517165708e+01 7.357925493060628597e+00 1.957962016070124278e+01
7.028524470416361680e+01 9.559532505478451014e+00 2.204346238130021973e+01
7.048892135378622470e+01 9.605551497443389763e+00 2.223204285366447408e+01
6.956720233747260806e+01 7.371925980034087722e+00 1.966167518870221542e+01
6.959873386900413550e+01 7.716703189676162644e+00 1.994497199902605189e+01
7.098672997321645539e+01 1.003080107134161203e+01 2.281214998782566283e+01
7.108302897492086458e+01 9.689676162649135449e+00 2.240808375943511166e+01
7.014365717068419315e+01 7.634891648405162101e+00 2.003067932797662465e+01
7.042062332602873198e+01 8.148283418553688762e+00 2.063976138300462537e+01
7.116557097638178675e+01 1.011163866569271974e+01 2.286096907718529181e+01
7.098672997321645539e+01 9.332724616508400572e+00 2.195799853907962174e+01
7.015193571950328533e+01 7.684319454589724430e+00 2.001193084976868874e+01
7.041465790114439471e+01 8.509252495738982347e+00 2.107669831994156340e+01
7.092731921110299709e+01 9.937545653761869602e+00 2.271913805697589339e+01
6.975054784514243522e+01 8.742269296323350147e+00 2.119807645483321323e+01
6.904662770878987033e+01 7.711468224981738118e+00 1.984940345751156698e+01
6.955052349646943810e+01 8.806549793036278828e+00 2.108619430241051873e+01
7.011176040905770890e+01 9.768687606525444878e+00 2.237229121012904898e+01
6.941258826393961101e+01 8.324933041149257917e+00 2.064341368395422549e+01
6.921682493304115269e+01 7.623934745556367076e+00 1.974640857073289624e+01
7.017056245434623918e+01 9.563550036523009723e+00 2.206488921353786381e+01
7.046104212320427962e+01 1.000170440710981268e+01 2.261151692232773414e+01
6.948052106160214691e+01 7.878743608473338433e+00 2.001570489408327091e+01
6.955259313367422180e+01 7.861943024105186417e+00 2.000231312393474425e+01
7.037618699780861675e+01 9.856586316045776286e+00 2.230776722668614553e+01
7.026613099586072053e+01 9.610908205502800783e+00 2.197078159240321327e+01
6.928171414657900584e+01 7.771244217190163006e+00 1.982517652787922913e+01
6.947711224738252156e+01 8.493182371560749289e+00 2.058862916971025214e+01
7.045690284879474063e+01 1.054163623082541967e+01 2.301813976138300433e+01
7.011127343559776648e+01 9.207694180667154171e+00 2.160652544436328171e+01
6.930387143900657065e+01 7.604212320428536565e+00 1.972388604821037106e+01
6.987837837837837185e+01 8.939615290966642647e+00 2.134343803262722261e+01
7.039724859995129691e+01 1.022887752617482349e+01 2.274957389822254683e+01
6.969965911857804031e+01 8.594716337959580343e+00 2.079413196980764411e+01
6.919466764061358788e+01 7.738495252008765313e+00 1.975639152666179754e+01
6.977307036766495685e+01 9.058193328463598704e+00 2.140930119308497837e+01
7.016459702946188770e+01 9.682858534209884738e+00 2.221792062332603024e+01
6.955831507182858786e+01 8.397613830046262606e+00 2.074287801314828172e+01
6.946895544192841498e+01 8.129656683710738463e+00 2.050693937180423632e+01
7.018298027757487034e+01 9.138909179449720810e+00 2.169600681762844019e+01
7.032712442171902012e+01 9.342585829072316272e+00 2.183990747504261165e+01
6.981507182858534577e+01 8.419649379108838261e+00 2.078341855368882563e+01
6.978317506695884731e+01 8.288897005113220473e+00 2.075444363282201010e+01
7.032201120038958209e+01 9.159240321402483787e+00 2.167944971999025938e+01
7.053201850499148406e+01 9.364986608229852294e+00 2.197248599951302594e+01
7.013647431214998562e+01 8.463111760409057993e+00 2.096895544192841498e+01
6.984088142196250715e+01 8.292184075967860224e+00 2.061176040905770535e+01
7.018030192354517283e+01 9.303019235451667868e+00 2.182943754565376082e+01
6.979169710250791070e+01 9.164353542731921820e+00 2.164755295836376803e+01
6.910737764791818449e+01 8.253591429267105539e+00 2.034648161675188760e+01
