1.481386668473106738e+02 3.951165153773201411e+01 6.419502777401436333e+01
1.485791220701802047e+02 4.003041593280043031e+01 6.477963690556835274e+01
1.485619834710743703e+02 4.002194824549518870e+01 6.478715621189540741e+01
1.489514293456171288e+02 3.976514022490177780e+01 6.471636634602357674e+01
1.487797046470667794e+02 3.989249424197263494e+01 6.473567267307953443e+01
1.490970735672673015e+02 4.025348868716976369e+01 6.466989567809240214e+01
1.486805310933477813e+02 4.031601409023167548e+01 6.378620783091722046e+01
1.485984961387345891e+02 4.057864787969109699e+01 6.377394661969923106e+01
1.487990109741227513e+02 4.085361062186695591e+01 6.405195772930497355e+01
1.489160682834304339e+02 4.067734724292101589e+01 6.398198076141444091e+01
1.489306327055954569e+02 4.036756537054599647e+01 6.386986858149302293e+01
1.491973309849613827e+02 4.036024928871426454e+01 6.415106354152554502e+01
1.495787156211895308e+02 4.041132637853949205e+01 6.466616989567809526e+01
1.498814523777265890e+02 4.057112857336404232e+01 6.487149437745563318e+01
1.501017477306598096e+02 4.075240482319468782e+01 6.523499525809511113e+01
1.499970193740685431e+02 4.070877929819807406e+01 6.522944045522287126e+01
1.502656821568893122e+02 4.068418913426364725e+01 6.534053651266765428e+01
1.503682427855304127e+02 4.056238992006502997e+01 6.517091180056902999e+01
1.504106489635550759e+02 4.069882129792711112e+01 6.512823465655060318e+01
1.504155940929413475e+02 4.077293049722259610e+01 6.507708982522693475e+01
1.507686627828207691e+02 4.091810052838368961e+01 6.535835252675789775e+01
1.504120715350223634e+02 4.140854897710337212e+01 6.567423113399267720e+01
1.497717111502506384e+02 4.142561983471074427e+01 6.545413900555480780e+01
1.492047825497899964e+02 4.103271914374745677e+01 6.489588131689473016e+01
1.489017748272591746e+02 4.118012464435713582e+01 6.482062051212572840e+01
1.487800433545590124e+02 4.214842162308629980e+01 6.567504403197398233e+01
1.486484216230863069e+02 4.303448042270694884e+01 6.627828207559950613e+01
1.487706950277740248e+02 4.278309172198888888e+01 6.627929819807614820e+01
1.487530144966806631e+02 4.243889716840536863e+01 6.613006367700853616e+01
1.490333288172334392e+02 4.260174773065980247e+01 6.614862484758162964e+01
1.494180327868852487e+02 4.315810865736349911e+01 6.660018967619564023e+01
1.499834710743801622e+02 4.372544370681479364e+01 6.723892426500474073e+01
1.501222056631892769e+02 4.337874271778891710e+01 6.717504403197398233e+01
1.502351984825904481e+02 4.275579189811678305e+01 6.691329088199431396e+01
1.503427719821162327e+02 4.282705595447771429e+01 6.695745833897845500e+01
1.505181547215824480e+02 4.316637312017341799e+01 6.728078851104186242e+01
1.506587183308494673e+02 4.306726730795285363e+01 6.723953393849072313e+01
1.501203089012329031e+02 4.257668337623628219e+01 6.676778214334100880e+01
1.499769678905297496e+02 4.223038883620105821e+01 6.635279772388565789e+01
1.503344397778078871e+02 4.228647879691099121e+01 6.664361197669693126e+01
1.506999051619021941e+02 4.268906652215147091e+01 6.685936864923452561e+01
1.506614279907871605e+02 4.266108928329494887e+01 6.689296843246172841e+01
1.505876574989838730e+02 4.249017748272591888e+01 6.667748272591789771e+01
1.507946077767240070e+02 4.255073838233301586e+01 6.679813033464300531e+01
1.509505487061373685e+02 4.270417287630402114e+01 6.691288443300365429e+01
1.509784582034954497e+02 4.285564286682021162e+01 6.703996748408074779e+01
1.507481371087928324e+02 4.247784853000948146e+01 6.676066928600459960e+01
1.507379081425281129e+02 4.199336133315269137e+01 6.632285598157430684e+01
1.507818046335185045e+02 4.173689202005148502e+01 6.585611705730930510e+01
1.505615770220837248e+02 4.115289256198347090e+01 6.525518222463081486e+01
1.502985367836336650e+02 4.041491667795691711e+01 6.428302398049045507e+01
1.500783769136973262e+02 3.944722937271372132e+01 6.316698279365939328e+01
1.505375965316352733e+02 3.895752608047690302e+01 6.275274353068689948e+01
1.510887413629589560e+02 3.928837555886736510e+01 6.304687711692182717e+01
1.514622679853678449e+02 3.974928871426635624e+01 6.357099309036716051e+01
1.515052838368784762e+02 4.024427584338165786e+01 6.401287088470397180e+01
1.507903400623221728e+02 3.997466467958270897e+01 6.338436526215959788e+01
1.500517545048096508e+02 3.937339113941200708e+01 6.304274488551686773e+01
1.495745156482861375e+02 3.917158921555344619e+01 6.288971684053651501e+01
1.492030890123289453e+02 3.943896490990380954e+01 6.308257688660073370e+01
1.488083593009077390e+02 3.953407397371629628e+01 6.362396694214876192e+01
1.487637176534344974e+02 3.950081289798130513e+01 6.352655466738924162e+01
1.486650860317030265e+02 3.909924129521745328e+01 6.324373391139412348e+01
1.483920200514835415e+02 3.874678227882400705e+01 6.294045522286953087e+01
1.482629047554531780e+02 3.881980761414442327e+01 6.295888091044574253e+01
1.484227069502777283e+02 3.860689608454138977e+01 6.291058122205663494e+01
1.483669556970600070e+02 3.831621731472699821e+01 6.246396152282888181e+01
1.483126270153095732e+02 3.799038070722124161e+01 6.210615092805852555e+01
1.484359165424739331e+02 3.776588538138463491e+01 6.195122612112179894e+01
1.485441674569841553e+02 3.781479474325971779e+01 6.199281940116515699e+01
1.484944451971277601e+02 3.793239398455494182e+01 6.207722530822381657e+01
1.485959219617938061e+02 3.819428261753149911e+01 6.212098631621731215e+01
1.485611705730930794e+02 3.813270559544777427e+01 6.200575802736756259e+01
1.485369868581493051e+02 3.804769001490313229e+01 6.197148082915594358e+01
1.487750304836742998e+02 3.832353339655873015e+01 6.223716298604524866e+01
1.487234114618615308e+02 3.839195230998509345e+01 6.224874678227882185e+01
1.490431513345075132e+02 3.848665492480693473e+01 6.239506841891342503e+01
1.491423926297249807e+02 3.874332746240347092e+01 6.277848530009483596e+01
1.493025335320417355e+02 3.892270695027774252e+01 6.302309985096870548e+01
1.494472971142121764e+02 3.876439506841891358e+01 6.314171521474055027e+01
1.494701937406855450e+02 3.878607234792033864e+01 6.326879826581763666e+01
1.494865871833085009e+02 3.853868039561034919e+01 6.307370275030483953e+01
1.497344533261075696e+02 3.854809646389378486e+01 6.310892832949464548e+01
1.498997425823059189e+02 3.872070180192385891e+01 6.313101205798672311e+01
1.498883620105676755e+02 3.890353610621866665e+01 6.339188456848665254e+01
1.500039967484080705e+02 3.911346700989025749e+01 6.370735672673079364e+01
1.500283836878471675e+02 3.904884162037664197e+01 6.373079528519171078e+01
1.496330443029399930e+02 3.894465519577293122e+01 6.323492751659667022e+01
1.492261888632976650e+02 3.851002574176941096e+01 6.265289256198347090e+01
1.489541390055547936e+02 3.826534344939710053e+01 6.240136837826852911e+01
1.484222327597886419e+02 3.859233166237637391e+01 6.245671318249559789e+01
1.480412545725511393e+02 3.904755453190624337e+01 6.261373797588402823e+01
1.481874407261888678e+02 3.915221514699905470e+01 6.280422706950277956e+01
1.479210811543151465e+02 3.885374610486383773e+01 6.257180598834846563e+01
1.478716298604525150e+02 3.866352797723885715e+01 6.243882942690692062e+01
1.478252269340197813e+02 3.856117057309307938e+01 6.240617802465790476e+01
1.479461455087386526e+02 3.861245088741362963e+01 6.244540035225579544e+01
1.480552770627286350e+02 3.841024251456442329e+01 6.228383687847175310e+01
1.479088199430971429e+02 3.820844059070586951e+01 6.211854762227340387e+01
1.482381113670234356e+02 3.838097818723750265e+01 6.231140766833762257e+01
1.483504945129386385e+02 3.819367294404552382e+01 6.227489500067741801e+01
1.484418777943368184e+02 3.827672402113535099e+01 6.224244682292372488e+01
1.483327462403468360e+02 3.846064218940522750e+01 6.221148895813575308e+01
1.483055141579731639e+02 3.864842162308629980e+01 6.246809375423384125e+01
1.482792981980761340e+02 3.853231269475681131e+01 6.209490583931716401e+01
1.484375423384365149e+02 3.862904755453190830e+01 6.232671724698550264e+01
1.484267714401842682e+02 3.840821026961116047e+01 6.205554802872239861e+01
1.484084812356049383e+02 3.811204443842297707e+01 6.188206205121257142e+01
1.485113805717382434e+02 3.813148624847581658e+01 6.185753962877658552e+01
1.486352120308901306e+02 3.781885923316623632e+01 6.169617937948787301e+01
1.483839588131689595e+02 3.677868852459016580e+01 6.070769543422300529e+01
1.483816556022219117e+02 3.635618479880775311e+01 6.024793388429752383e+01
1.482916271507925785e+02 3.669048909361875133e+01 6.050067741498441620e+01
1.481060154450616437e+02 3.648767104728356259e+01 6.031919794065844798e+01
1.482009890258772487e+02 3.623770491803279015e+01 6.005371900826446563e+01
1.482583660750575802e+02 3.629657228017883597e+01 6.001192250372578485e+01
1.483656008670911888e+02 3.634412681208508644e+01 5.999038070722124161e+01
1.489136295894865327e+02 3.658515106354152380e+01 6.042460371223411641e+01
1.490716027638531500e+02 3.654613196043896295e+01 6.036146863568622223e+01
1.490518899878065326e+02 3.635902994174231395e+01 6.016657634466874072e+01
1.495706543828749489e+02 3.592690692318114287e+01 5.989838775233707935e+01
1.497221921148895944e+02 3.613047012599918872e+01 6.019597615499255028e+01
1.499902452242243669e+02 3.645000677414984125e+01 6.040292643273269135e+01
1.497964367971819399e+02 3.653163527977238800e+01 6.040340062322178483e+01
1.492882400758704762e+02 3.640936187508467725e+01 6.022442758433816579e+01
1.485946348733234004e+02 3.606570925348868428e+01 5.992521338572009171e+01
1.480394255520932063e+02 3.606191572957593650e+01 5.973594363907329807e+01
1.477393984554938413e+02 3.643727137244275838e+01 5.992338436526215872e+01
1.474289391681344057e+02 3.617206340604253967e+01 5.954044167456984127e+01
1.473729846904213616e+02 3.600487738788781655e+01 5.934859775098225043e+01
1.472210405094160706e+02 3.577238856523506172e+01 5.920728898523235273e+01
1.471934019780517531e+02 3.594099715485706525e+01 5.943307139953935803e+01
1.471830375287901234e+02 3.613060560899607054e+01 5.963839588131689595e+01
1.469513616041186879e+02 3.568500203224495237e+01 5.918696653569976718e+01
1.469316488280720705e+02 3.491091992954883949e+01 5.853603847717111819e+01
1.467927787562661024e+02 3.457546402926432449e+01 5.821250508061238094e+01
1.467409565099580107e+02 3.453400623221785537e+01 5.810296707763176016e+01
1.465072483403332910e+02 3.448211624441132983e+01 5.797981303346430337e+01
1.465737027503048466e+02 3.436607505758027514e+01 5.795860994445197178e+01
1.468073431784310969e+02 3.449911936052025396e+01 5.801889987806530513e+01
1.470582576886600634e+02 3.459185747188728044e+01 5.828078851104186242e+01
1.472750982251727407e+02 3.507519306327056086e+01 5.881364313778620811e+01
1.471456442216501728e+02 3.525423384365262081e+01 5.889574583389784834e+01
1.470460642189405291e+02 3.497256469313101235e+01 5.871040509416068431e+01
1.471386668473106738e+02 3.487711692182631396e+01 5.856936729440455025e+01
1.468426364991193509e+02 3.402892561983470898e+01 5.779413358623492769e+01
1.470055548028722399e+02 3.360506706408345678e+01 5.736668473106625044e+01
1.471554667389242752e+02 3.349268391816826806e+01 5.740875220159870196e+01
1.471696924535970652e+02 3.357803820620512170e+01 5.728207559951226102e+01
1.472981303346429911e+02 3.355893510364449384e+01 5.709619292778756261e+01
1.472771982116244374e+02 3.325037257824143211e+01 5.686919116650859962e+01
1.474041457797046348e+02 3.293652621595989416e+01 5.678817233437203527e+01
1.475764124102425114e+02 3.308603170302126983e+01 5.693713588944587656e+01
1.476339249424197249e+02 3.295698414848936153e+01 5.702513209592196120e+01
1.474737840401029700e+02 3.281994309714131219e+01 5.695752608047690302e+01
1.472960980896897354e+02 3.270247933884297709e+01 5.671060831865600704e+01
1.473036173960167901e+02 3.245088741362958729e+01 5.645081967213114638e+01
1.475786478796910899e+02 3.238077496274217282e+01 5.641098767104728040e+01
1.477216501829020388e+02 3.247256469313101235e+01 5.624549519035360845e+01
1.476129928194011711e+02 3.259497358081560492e+01 5.596612925077902645e+01
1.471686763311204516e+02 3.259558325430158732e+01 5.583139141037799646e+01
1.466993632299146384e+02 3.260804769001490655e+01 5.563412816691505469e+01
1.464226392087792874e+02 3.260913155398997532e+01 5.559097683240753440e+01
1.461587183308494673e+02 3.275674027909497710e+01 5.570288578783362965e+01
1.459862484758162964e+02 3.278871426635956965e+01 5.581113670234385893e+01
1.457905432868174955e+02 3.260140902316759082e+01 5.566576344668744269e+01
1.457227340468771217e+02 3.260032515919252205e+01 5.556516732150114990e+01
1.457807207695434215e+02 3.276730795285191533e+01 5.584724292101341092e+01
1.459529196585828572e+02 3.315533125592737917e+01 5.634521067606015521e+01
1.459107167050535168e+02 3.347608725104999650e+01 5.652492887142663847e+01
1.459997290340062364e+02 3.342148760330578483e+01 5.639080070451158377e+01
1.459661969922774745e+02 3.302072889852323812e+01 5.604816420539222577e+01
1.460346159057038449e+02 3.295921961793794708e+01 5.595806801246443740e+01
1.459147134534615873e+02 3.331438829426907233e+01 5.623526622408887476e+01
1.456995664544099611e+02 3.329433681073025042e+01 5.611698956780924163e+01
1.455094838097818695e+02 3.318493429074651146e+01 5.611990245224224338e+01
1.454422842433274639e+02 3.308081560764124163e+01 5.589710066386668785e+01
1.455086031703021376e+02 3.292324888226527690e+01 5.607207695434222927e+01
1.460972090502641834e+02 3.322029535293320635e+01 5.662579596260669490e+01
1.463920200514835415e+02 3.324888226527571078e+01 5.691694892291017283e+01
1.467194824549519012e+02 3.294689066522151677e+01 5.668933748814523454e+01
1.469323262430565080e+02 3.291207153502235627e+01 5.687210405094160848e+01
1.469214198618073510e+02 3.329487874271779191e+01 5.705602221921149209e+01
1.468757620918574673e+02 3.357607370275030689e+01 5.723133721717924516e+01
1.469518357946077742e+02 3.348489364584744266e+01 5.680368513751524517e+01
1.470088741362959013e+02 3.339493293591654322e+01 5.673648557106083246e+01
1.473099173553719083e+02 3.354890936187508288e+01 5.696070993090366841e+01
1.474650453868039506e+02 3.371623086302668781e+01 5.723926297249695239e+01
1.475585286546538271e+02 3.369170844059070902e+01 5.717829562389920284e+01
1.477162308630266807e+02 3.361150250643544268e+01 5.735022354694486069e+01
1.478499525809510828e+02 3.379359165424739331e+01 5.744533261075734742e+01
1.479321907600596262e+02 3.377936593957458200e+01 5.747324210811542855e+01
1.476079799485164585e+02 3.364638937813304409e+01 5.734751388700718167e+01
1.470468093754233792e+02 3.344546809375423635e+01 5.700027096599377074e+01
1.469055683511719224e+02 3.354430293998102997e+01 5.711807343178431040e+01
1.467097954206747090e+02 3.366379894323262079e+01 5.719651808698008466e+01
1.467696111637989418e+02 3.361292507790272310e+01 5.734521067606015521e+01
1.467019374068554498e+02 3.384073973716298411e+01 5.746883891071670547e+01
1.466946890665221588e+02 3.416996341959084305e+01 5.784338165560222222e+01
1.466760601544506244e+02 3.438362010567674076e+01 5.803238043625525222e+01
1.467774691776182010e+02 3.491674569841485010e+01 5.836763311204443738e+01
1.470115160547351252e+02 3.535252675789188714e+01 5.893537461048638448e+01
1.472595176805311041e+02 3.528309172198888888e+01 5.893266495054870546e+01
1.471949600325159224e+02 3.489967484080747795e+01 5.857106083186560141e+01
1.472231404958677672e+02 3.492555209321230336e+01 5.855832543015851854e+01
1.473344397778078871e+02 3.522544370681479364e+01 5.879521745020999646e+01
1.472544370681479506e+02 3.504552228695298766e+01 5.874346294540035274e+01
1.470670640834575238e+02 3.463555073838233511e+01 5.820708576073703000e+01
1.472654111908955485e+02 3.435144289391681127e+01 5.813087657498984129e+01
1.473008399945806843e+02 3.434412681208508644e+01 5.818703427719820809e+01
1.474909226392087760e+02 3.420735672673079364e+01 5.819563744750033862e+01
1.475607641241024339e+02 3.420512125728220809e+01 5.811902181276249735e+01
1.477260533803007831e+02 3.415919252133857498e+01 5.818236011380571426e+01
1.481446280991735591e+02 3.438036851375152736e+01 5.852547080341417285e+01
1.481931987535564303e+02 3.461577022083728394e+01 5.847134534615905466e+01
1.480455900284514428e+02 3.444540035225579544e+01 5.846477442081018694e+01
1.482451564828614039e+02 3.446809375423384125e+01 5.855487061373797530e+01
1.486685408481235697e+02 3.472564693131012348e+01 5.890211353475138623e+01
1.486512667660208535e+02 3.476737569435035624e+01 5.871927923045657849e+01
1.486844601002574109e+02 3.490834575260804939e+01 5.878498848394526277e+01
1.489670098902587654e+02 3.493557783498170721e+01 5.891972632434629276e+01
1.489926161766698272e+02 3.490726188863297352e+01 5.873343720363094178e+01
1.491732827530144903e+02 3.519096328410784480e+01 5.906747053244817636e+01
1.487586370410513439e+02 3.534561712505080777e+01 5.924325972090502290e+01
1.481801923858555767e+02 3.533112044438423283e+01 5.932434629454003527e+01
1.473664815065709206e+02 3.456476087251049734e+01 5.849803549654518520e+01
1.468271236959761552e+02 3.430896897439371429e+01 5.814699905161901938e+01
1.467403468364720140e+02 3.440482319468906525e+01 5.834344939710066313e+01
1.465045386803955978e+02 3.441451022896626455e+01 5.817158921555344619e+01
1.466241024251456508e+02 3.452465790543286772e+01 5.833477848530009169e+01
1.463069367294404515e+02 3.427116921826311113e+01 5.807106083186560141e+01
1.463318656008671041e+02 3.432983335591383423e+01 5.805480287223953439e+01
1.461793794878742858e+02 3.436675247256469135e+01 5.800474190489093473e+01
1.462270695027773968e+02 3.478620783091722046e+01 5.825226934019780600e+01
1.461190218127624973e+02 3.479027232082373899e+01 5.834107844465519577e+01
1.459549519035361129e+02 3.440814252811271956e+01 5.786783633653976722e+01
1.463142528112721834e+02 3.435923316623763668e+01 5.781459151876439506e+01
1.463411461861536509e+02 3.472286952987400355e+01 5.810208643815201413e+01
1.461703698685815027e+02 3.498001625795962610e+01 5.821196314862484655e+01
1.463763040238449946e+02 3.491268120850833157e+01 5.830382062051212699e+01
1.462618886329765644e+02 3.456266088605880071e+01 5.854633518493429278e+01
1.457803143205527761e+02 3.443131012057986595e+01 5.808318656008670899e+01
1.456864923452106666e+02 3.425186289120715344e+01 5.773025335320417639e+01
1.460484351713859894e+02 3.433437203630944623e+01 5.777895949058392944e+01
1.464993903265140318e+02 3.479291423926297000e+01 5.826080476900148852e+01
1.463395881316894815e+02 3.527374339520390123e+01 5.851910310256062786e+01
1.463761685408481128e+02 3.542020051483538623e+01 5.859659937677821517e+01
1.467698143882942645e+02 3.546958406719956969e+01 5.880449803549654320e+01
1.469414713453461729e+02 3.549248069367294534e+01 5.889432326243056792e+01
1.469128166915052134e+02 3.545129386262023985e+01 5.886851375152418342e+01
1.471856117057309348e+02 3.555480287223953439e+01 5.898814523777265606e+01
1.474066522151470053e+02 3.576608860587996475e+01 5.923777265953123106e+01
1.474710066386668359e+02 3.600521609538002821e+01 5.935808156076412700e+01
1.474445197127760423e+02 3.584453326107573190e+01 5.912870884703969665e+01
1.474598292914239153e+02 3.563229914645712171e+01 5.887074922097276897e+01
1.475342771982116119e+02 3.611637989432325924e+01 5.927997561306056440e+01
1.465191708440590617e+02 3.607905432868174955e+01 5.898123560493158379e+01
1.458445332610757248e+02 3.601056767375694534e+01 5.898943232624305466e+01
1.459381520119225115e+02 3.570464706679311462e+01 5.896443571331797529e+01
1.454444519712776014e+02 3.531811407668337921e+01 5.856069638260398591e+01
1.454930903671589135e+02 3.532935916542474075e+01 5.862044438422977777e+01
1.456217992141986315e+02 3.554152553854491003e+01 5.878729169489228923e+01
1.456020864381520141e+02 3.554708034141714990e+01 5.892108115431513227e+01
1.452959626066928536e+02 3.536648150657092771e+01 5.880930768188592594e+01
1.451532990109741093e+02 3.523695976154992593e+01 5.885347513887007409e+01
1.456424603712234216e+02 3.536993632299146384e+01 5.908501558054464198e+01
1.455557512532177213e+02 3.529907871562119226e+01 5.903434493971006702e+01
1.454290746511312875e+02 3.514964097005825749e+01 5.876954342230050088e+01
1.460627286275572487e+02 3.564334101070315342e+01 5.937569435035902643e+01
1.468498848394526419e+02 3.637257824143070195e+01 6.039703292236823984e+01
1.474847581628505679e+02 3.755297385178160141e+01 6.165289256198347090e+01
1.472826852729982363e+02 3.784365262159599297e+01 6.182773336946213050e+01
1.463177753691911676e+02 3.668080205934155202e+01 6.051964503454816224e+01
1.461914374745969383e+02 3.625599512261211288e+01 6.031364313778620811e+01
1.459911258637040987e+02 3.626364991193604936e+01 5.993916813439913227e+01
1.457802465790543351e+02 3.627631757214469843e+01 5.997811949600325221e+01
1.461959084134940952e+02 3.598489364584744266e+01 5.975843381655602116e+01
1.463735266224088889e+02 3.588246850020322398e+01 5.942453597073567551e+01
1.462748950006774180e+02 3.614801517409565434e+01 5.947507112857336153e+01
1.464576615634737777e+02 3.635760737027503353e+01 5.952370952445468077e+01
1.466334507519306385e+02 3.620268256333829981e+01 5.944296165831188006e+01
1.466351442893916897e+02 3.597933884297520990e+01 5.936580409158650440e+01
1.470489771033735167e+02 3.603773201463216225e+01 5.955561577022083952e+01
1.473586234927516614e+02 3.568520525674028221e+01 5.931012057986722397e+01
1.479460100257417707e+02 3.578959490583931569e+01 5.932624305649640917e+01
1.479437745562931923e+02 3.593334236553312877e+01 5.940069096328410581e+01
1.479416068283430548e+02 3.585591383281398237e+01 5.929501422571467373e+01
1.477637176534344974e+02 3.561292507790272310e+01 5.919882129792711112e+01
1.467851917084405784e+02 3.541532312694756968e+01 5.876358217043760845e+01
1.460483674298875485e+02 3.530382062051212699e+01 5.860797994851645853e+01
1.458652621595989842e+02 3.544634873323398239e+01 5.871833084947839154e+01
1.454877387887819964e+02 3.555426094025200001e+01 5.868263107979948501e+01
1.452665627963690440e+02 3.556733504945129454e+01 5.885476222734046559e+01
1.448679718195366490e+02 3.491295217450210231e+01 5.840455222869530161e+01
1.449340875220160001e+02 3.458989296843245853e+01 5.841227475951767900e+01
1.451580409158650582e+02 3.480741091992955205e+01 5.875125321772117815e+01
1.452224630808833581e+02 3.500765478932393648e+01 5.895298740008129101e+01
1.452196856794472239e+02 3.504911258637041271e+01 5.886038477171115346e+01
1.450388158786072381e+02 3.470010838639750972e+01 5.843733911394119929e+01
1.452415661834439788e+02 3.500887413629589417e+01 5.854552228695298766e+01
1.452227340468771217e+02 3.536932664950548855e+01 5.892392629724969311e+01
1.453389784582034849e+02 3.557546402926432449e+01 5.905785123966941796e+01
1.454126134670098907e+02 3.541728763040238448e+01 5.891139412003793296e+01
1.456436119766969171e+02 3.549817097954206702e+01 5.907993496816149559e+01
1.459141715214740600e+02 3.579718195366481837e+01 5.937522015986993296e+01
1.460928058528654674e+02 3.599207424468229277e+01 5.969699227746917813e+01
1.461633924942419753e+02 3.647398726459829277e+01 6.018141173282752732e+01
1.461048638395881198e+02 3.705277062728627868e+01 6.058935103644492415e+01
1.461230185611705679e+02 3.745325836607505465e+01 6.102492887142663847e+01
1.459048909361875133e+02 3.701226121121798940e+01 6.075816285056225752e+01
1.457347920335997742e+02 3.621568893103915343e+01 5.994350359029941444e+01
1.461227475951768042e+02 3.636898794201327689e+01 6.021379216908277954e+01
1.463388429752066031e+02 3.683044302939980952e+01 6.050189676195637389e+01
1.464219617937948783e+02 3.725999187102019050e+01 6.089608454139005289e+01
1.462386532990109629e+02 3.735632028180463493e+01 6.085218805039967549e+01
1.461143476493700177e+02 3.677557241566183421e+01 6.010777672402113581e+01
1.458711556699634286e+02 3.663290881994309700e+01 5.983999458068012700e+01
1.458738653299010934e+02 3.714218940522964374e+01 6.025416610215417990e+01
1.459427584338165502e+02 3.757065438287494885e+01 6.060167998916136156e+01
1.456657634466874356e+02 3.731533667524725928e+01 6.037942013277334041e+01
1.456628505622544481e+02 3.722422435984284306e+01 6.039405229643679718e+01
1.458770491803278730e+02 3.738165560222191885e+01 6.059111231540441622e+01
1.462047148082915555e+02 3.758223817910852205e+01 6.076947568080205997e+01
1.464309036715892205e+02 3.780856252540306173e+01 6.095976154992548146e+01
1.465011516054735239e+02 3.804599647744208113e+01 6.107187372984690654e+01
1.463819265682156754e+02 3.799857742853271958e+01 6.097500338707492062e+01
1.465773607912207126e+02 3.797710337352662435e+01 6.102716434087521691e+01
1.466646118412139401e+02 3.812030890123289595e+01 6.131127218534074075e+01
1.464691098767104620e+02 3.826818859233166137e+01 6.142697466467958378e+01
1.462858691234250159e+02 3.825877252404823281e+01 6.132326243056496651e+01
1.462424468229237107e+02 3.799498712911529452e+01 6.116196992277469491e+01
1.463172334372036403e+02 3.788328139818452911e+01 6.116318926974664549e+01
1.464292778756266102e+02 3.810052838368784478e+01 6.165824414036038803e+01
1.466594634873323457e+02 3.847405500609673368e+01 6.222320823736620810e+01
1.468216366346023563e+02 3.879284649776452909e+01 6.257668337623628219e+01
1.465991058122205573e+02 3.867517951497087125e+01 6.258162850562254675e+01
1.466596667118276685e+02 3.861455087386533336e+01 6.253800298062593299e+01
1.468594363907329523e+02 3.856503183850426808e+01 6.248983877523370722e+01
1.469335455900284444e+02 3.842074244682292061e+01 6.239892968432461373e+01
1.470901639344262435e+02 3.859659937677821517e+01 6.249498712911529452e+01
1.473964232488822574e+02 3.878322720498577780e+01 6.284812356049315696e+01
1.474990516190217988e+02 3.898889039425552028e+01 6.311536377184663138e+01
1.474196585828478590e+02 3.911123154044167194e+01 6.293882942690692062e+01
1.476873729846904268e+02 3.914367971819536507e+01 6.267111502506435272e+01
1.476877116921826314e+02 3.910757349952580597e+01 6.258237366210540387e+01
1.477524048231946949e+02 3.954355778349817285e+01 6.291498441945535802e+01
1.473961522828884938e+02 3.962925077902723103e+01 6.293930361739601409e+01
1.464152553854491146e+02 3.945881316894729451e+01 6.273377591112315343e+01
1.462016664408616577e+02 3.934649776453055381e+01 6.266630537867497708e+01
1.458634331391410512e+02 4.006293185205256435e+01 6.326696924535971078e+01
1.454340875220160001e+02 4.042629724969516047e+01 6.349674840807478660e+01
1.453118818588267231e+02 4.017565370545996473e+01 6.338212979271101233e+01
1.456932664950548713e+02 4.010120579867226809e+01 6.358738653299010934e+01
1.453787427177889242e+02 3.979806259314455730e+01 6.329196585828478305e+01
1.454846904213521270e+02 3.949322585015580245e+01 6.304680937542338626e+01
1.456299959355100953e+02 3.961712505080612345e+01 6.330497222598563667e+01
1.457920335997832240e+02 3.996362281533667726e+01 6.376317572144695589e+01
1.458500880639479647e+02 4.007309307681885713e+01 6.389574583389784834e+01
1.457767240211353510e+02 3.956848665492480421e+01 6.350779027232082541e+01
1.461141444248746666e+02 3.947852594499390477e+01 6.358840265546673720e+01
1.463590976832407478e+02 4.000298062593144266e+01 6.414225714672808465e+01
1.462127760466061375e+02 4.033952039019103353e+01 6.433084947839046208e+01
1.467188050399674921e+02 4.017633112044438093e+01 6.423912748950006346e+01
1.465621866955696930e+02 3.982373662105405998e+01 6.396165831188185535e+01
1.468552364178295591e+02 3.990434900419997177e+01 6.396077767240211642e+01
1.474342230050128819e+02 4.043652621595989416e+01 6.454653840942961551e+01
1.475144289391681411e+02 4.051727408210269488e+01 6.454193198753556260e+01
1.473903942555209312e+02 4.010865736350088184e+01 6.420085354288036683e+01
1.474888903942555203e+02 4.003576751117734744e+01 6.426873052431919575e+01
1.477070857607370158e+02 4.043171656957051852e+01 6.468500203224495237e+01
1.480219482454951958e+02 4.100955155128031748e+01 6.514794743259720633e+01
1.481846633247527336e+02 4.106388023303075130e+01 6.527022083728492419e+01
1.479595583254301516e+02 4.066251185476222929e+01 6.489337488145237387e+01
1.482129792711014886e+02 4.041911665086031746e+01 6.468696653569976718e+01
1.487475951768053051e+02 4.068981167863432802e+01 6.505548028722395770e+01
1.487935239127489524e+02 4.076385313643137920e+01 6.498096463893782015e+01
1.487406855439642186e+02 4.082095921961794005e+01 6.508237366210541097e+01
1.482750304836742998e+02 4.101937406855439860e+01 6.512952174502099467e+01
1.477650724834033440e+02 4.063453461590570726e+01 6.472219211488958024e+01
1.469415390868446138e+02 3.990001354829968960e+01 6.396741633924942505e+01
1.467199566454409876e+02 3.988273946619699473e+01 6.389337488145238098e+01
1.461690150386126561e+02 4.044573905974799999e+01 6.422822110825092068e+01
1.462118276656279647e+02 4.069685679447229631e+01 6.457668337623628929e+01
1.460556157702208395e+02 4.061963148624847264e+01 6.453441268120850793e+01
1.454058393171656860e+02 4.079040780382062081e+01 6.434649776453055381e+01
1.453329494648421587e+02 4.093293591654247621e+01 6.468175044031974608e+01
1.461284378810459259e+02 4.100480964638937564e+01 6.502194824549519581e+01
1.459494648421623140e+02 4.078329494648421871e+01 6.482983335591383423e+01
1.456448313236688819e+02 4.109876710472835981e+01 6.497324210811542855e+01
1.458078851104186526e+02 4.100806123831458905e+01 6.500115160547350968e+01
1.459420810188321411e+02 4.122869529874000705e+01 6.530348191301992244e+01
1.456409700582576932e+02 4.175701124508874074e+01 6.565946348733234572e+01
1.451180056902858553e+02 4.118730524319197883e+01 6.496375829833355908e+01
1.462343855846091287e+02 4.046314862484758379e+01 6.458623492751659967e+01
1.465651673215011499e+02 4.038727814659259963e+01 6.453332881723343917e+01
1.449504809646389276e+02 3.985787833626879717e+01 6.354863839588131924e+01
1.456019509551551323e+02 4.057898658718330864e+01 6.427814659260262431e+01
1.467832949464842045e+02 4.122320823736620810e+01 6.526913697330985542e+01
1.463890394255520846e+02 4.098380978187237389e+01 6.493977780788510756e+01
1.460331933342365573e+02 4.132292372307275485e+01 6.507688660073161202e+01
1.460280449803549629e+02 4.150731608183173194e+01 6.512660886058799292e+01
1.467665627963690440e+02 4.148929684324617284e+01 6.524779840130064201e+01
1.467406178024657777e+02 4.147452919658582715e+01 6.529067876981439156e+01
1.460440319739872734e+02 4.125172740821027162e+01 6.491024251456441618e+01
1.475719414713453546e+02 4.147629047554531923e+01 6.577923045657769308e+01
1.480345481642054040e+02 4.167470532448177778e+01 6.608088334913968254e+01
1.463864652486113016e+02 4.110398320010838802e+01 6.504559002845142857e+01
1.461847310662511745e+02 4.109741227475952030e+01 6.501083863975071608e+01
1.487112857336404375e+02 4.104538680395610584e+01 6.580260127354017641e+01
1.486511312830239717e+02 4.091627150792575662e+01 6.565506028993361554e+01
1.464696518086980177e+02 4.091518764395068075e+01 6.501869665356997530e+01
1.469002167727950052e+02 4.061956374475003173e+01 6.493178431106896653e+01
1.488034141715214673e+02 4.132048502912884658e+01 6.617937948787427160e+01
1.464452648692589207e+02 4.065133450751930866e+01 6.483274624034683598e+01
1.437580951090638166e+02 3.958562525403061727e+01 6.301747730659802471e+01
1.467482725917897426e+02 4.039005554802871956e+01 6.456442216501828568e+01
1.471178024657905326e+02 4.064889581357539328e+01 6.488273946619699473e+01
1.438479203359978271e+02 3.987034277198211640e+01 6.311204443842297707e+01
1.450481642053922258e+02 4.026425958542203176e+01 6.378824007587047618e+01
1.472803143205527761e+02 4.025728221108251148e+01 6.453719008264462786e+01
1.461037122341146244e+02 3.993239398455494182e+01 6.399166779569164021e+01
1.448750846768730582e+02 3.986654924806936862e+01 6.351747730659802471e+01
1.456362958948651851e+02 4.002946755182224337e+01 6.387975884026554496e+01
1.471398861942826102e+02 4.071697601950955203e+01 6.503271914374745677e+01
1.460963961522828924e+02 4.092975206611570371e+01 6.480890123289526628e+01
1.447812627015309488e+02 4.013135076547893476e+01 6.359734453326107229e+01
1.459756808020593439e+02 4.048489364584744266e+01 6.432739466196991884e+01
1.464592196179379471e+02 4.056821568893104057e+01 6.455947703563202822e+01
1.451292507790272452e+02 4.021243733911394003e+01 6.385882671724698412e+01
1.449704647066793086e+02 4.012979271101476542e+01 6.364083457526080423e+01
1.466557377049180388e+02 4.024745969380843036e+01 6.442758433816555907e+01
1.464661969922774745e+02 4.027340468771168958e+01 6.443544235198483250e+01
1.455731608183172909e+02 4.007038341688117811e+01 6.391952309985097003e+01
1.464496680666576367e+02 4.042744885516867726e+01 6.442304565776994707e+01
1.477327597886465185e+02 4.046545183579461025e+01 6.499099038070721690e+01
1.474670776317572063e+02 4.019706001896761904e+01 6.460025741769408114e+01
1.465479609808969030e+02 4.019990516190217988e+01 6.430260127354017641e+01
1.469642324888226597e+02 4.060682834304294886e+01 6.470478254978999644e+01
1.478214334101070335e+02 4.089696518086979893e+01 6.515201192250373197e+01
1.474059748001625678e+02 4.050819672131147797e+01 6.460743801652893126e+01
1.470258095109063845e+02 4.010601544506164373e+01 6.414069909226391530e+01
1.478292236824278518e+02 4.058074786614280072e+01 6.463887007180598232e+01
1.481936729440455167e+02 4.117497629047554852e+01 6.537914916677956967e+01
1.472739466196992169e+02 4.107139953935781307e+01 6.495921961793794708e+01
1.473756266088605855e+02 4.093266495054870546e+01 6.483288172334371779e+01
1.482687982658176509e+02 4.094485842026825395e+01 6.532664950548705463e+01
1.475121257282211218e+02 4.144858420268256083e+01 6.566508603170302649e+01
1.459541390055547936e+02 4.092758433816555907e+01 6.468175044031974608e+01
1.463507654789324022e+02 4.049620647608725221e+01 6.447500338707492062e+01
1.468267172469855097e+02 4.087467822788239857e+01 6.495407126405636689e+01
1.458811814117328254e+02 4.090062322178566490e+01 6.468987942013276893e+01
1.458651944181005149e+02 4.106577699498713230e+01 6.480422706950277245e+01
1.462986045251321059e+02 4.114266359571873721e+01 6.494336810730253262e+01
1.460628641105541305e+02 4.099349681614957319e+01 6.496707763175722050e+01
1.458851104186424550e+02 4.101016122476629278e+01 6.490380707221243028e+01
1.459748679040780246e+02 4.098780653028045151e+01 6.488517816014089590e+01
1.462589757485435484e+02 4.113575396287765784e+01 6.518811814117327685e+01
1.462918981167863421e+02 4.137860723479203529e+01 6.554809646389378486e+01
1.460632028180463351e+02 4.107918981167863137e+01 6.515695705188998943e+01
1.466520119225037320e+02 4.118737298469041974e+01 6.538687169760194706e+01
1.467038341688118237e+02 4.182563338301043387e+01 6.594594228424332982e+01
1.460790543286817638e+02 4.196971955019645151e+01 6.599688389107167552e+01
1.462711692182631111e+02 4.193056496409700884e+01 6.589283294946484659e+01
1.463819943097141447e+02 4.198861942826175664e+01 6.569360520254707581e+01
1.463908007045115767e+02 4.201991600054193299e+01 6.560797994851645853e+01
1.467614144424874780e+02 4.274617260533803176e+01 6.631973987264598236e+01
1.470724156618344409e+02 4.367172469855033512e+01 6.702316759246714639e+01
1.471694892291017425e+02 4.337948787427178132e+01 6.688355236417829985e+01
1.475260804769001481e+02 4.227624983064625042e+01 6.629955290611027863e+01
1.478061238314591606e+02 4.199390326514022576e+01 6.631025606286411289e+01
1.476882536241701587e+02 4.299349681614957319e+01 6.704525132095922402e+01
1.476868987942013405e+02 4.373377591112315343e+01 6.768547622273405295e+01
1.480020999864516966e+02 4.350833220430835979e+01 6.743476493700040919e+01
1.479361875084676967e+02 4.240285869123425044e+01 6.648868716976019755e+01
1.482918303752879012e+02 4.249512261211218345e+01 6.671982116244411998e+01
1.481787698143882892e+02 4.330185611705731219e+01 6.722571467280856439e+01
1.481526215959897002e+02 4.405006096734859966e+01 6.796518086980084661e+01
1.482894594228424410e+02 4.405439642324888183e+01 6.790692318114076897e+01
1.480708576073702716e+02 4.345772930497222575e+01 6.728986587183308643e+01
1.482519306327056086e+02 4.382041728763040567e+01 6.746809375423384836e+01
1.474778485300094815e+02 4.424522422435984481e+01 6.697358081560764731e+01
1.468863297656144198e+02 4.450806123831458905e+01 6.709795420674704758e+01
1.466028993361333050e+02 4.411299281940116401e+01 6.680016257959626103e+01
1.466755182224630687e+02 4.336072347920335801e+01 6.626127895949058200e+01
1.470275030483674357e+02 4.370891478119496298e+01 6.670850833220430331e+01
1.463845684866549277e+02 4.402452242243598590e+01 6.671968567944722395e+01
1.464325294675518307e+02 4.403569976967890653e+01 6.686986858149302293e+01
1.471568215688930934e+02 4.403393849071941446e+01 6.734507519306326628e+01
1.468138463622815379e+02 4.343998103238043740e+01 6.687582983335590825e+01
1.469116650860316895e+02 4.377157566725375659e+01 6.724522422435984481e+01
1.473324752743530723e+02 4.437095244546809170e+01 6.794811001219346736e+01
1.474747324210811428e+02 4.473797588402655379e+01 6.827001761278960146e+01
1.473930361739601551e+02 4.442324888226527690e+01 6.814395068418913581e+01
1.470980896897439436e+02 4.387379758840265254e+01 6.762234114618615877e+01
1.475262837013954709e+02 4.433504945129386243e+01 6.804863839588131214e+01
1.474858420268256225e+02 4.478099173553719226e+01 6.838497493564557317e+01
1.473551009348326772e+02 4.478871426635956965e+01 6.841410377997561909e+01
1.475018290204579330e+02 4.405229643679718521e+01 6.783443977780788714e+01
1.475374610486383915e+02 4.414693131012057847e+01 6.776581763988619400e+01
1.477870207288985114e+02 4.526249830646253969e+01 6.886106218669557677e+01
1.473906652215146948e+02 4.551598699363229628e+01 6.885930090773608470e+01
1.476171927923045644e+02 4.519157295759382009e+01 6.864110554125457497e+01
1.481808020593415449e+02 4.475558867362146032e+01 6.837339113941200708e+01
1.485525674027909417e+02 4.504552228695298766e+01 6.874624034683647267e+01
1.484956645440997249e+02 4.575396287765885717e+01 6.927503048367429983e+01
1.487828884974935590e+02 4.567368920200514992e+01 6.923452106760601055e+01
1.488514428939168113e+02 4.529318520525674074e+01 6.888910716705053972e+01
1.488793523912748924e+02 4.487555886736214461e+01 6.864042812627015167e+01
1.488818588267172345e+02 4.493320688253623985e+01 6.869834710743801054e+01
1.493741362958948571e+02 4.547818723750169312e+01 6.921812762498306881e+01
1.494695840671995768e+02 4.565898929684324514e+01 6.936627828207559787e+01
1.492114212166373193e+02 4.527462403468364727e+01 6.898184527841755198e+01
1.494124102425145679e+02 4.533647202276114285e+01 6.900237095244547447e+01
1.494721582441403598e+02 4.543943910039290301e+01 6.894614550873865255e+01
1.494766291830375167e+02 4.579643679718195415e+01 6.920634060425416578e+01
1.491925213385720213e+02 4.574596938084270192e+01 6.896971955019644440e+01
1.483979135618479859e+02 4.507566725375965433e+01 6.822686627828207406e+01
1.479001490312965643e+02 4.512220566318926984e+01 6.813067335049451856e+01
1.475992412952174391e+02 4.567030212708304759e+01 6.859192521338572135e+01
1.473282753014496791e+02 4.568046335184934037e+01 6.850982251727408823e+01
1.471795827123696085e+02 4.516840536512667370e+01 6.811028315946349210e+01
1.470179514970871253e+02 4.486831052702886069e+01 6.772673079528519224e+01
1.472916948922910194e+02 4.516237637176534037e+01 6.823485977509822931e+01
1.474965451835794568e+02 4.536072347920335801e+01 6.872015986993632453e+01
1.475917219888903844e+02 4.510025741769408114e+01 6.874529196585828572e+01
1.475565641511990123e+02 4.470749220972768256e+01 6.852384500745156970e+01
1.475770898252269205e+02 4.428356591247798235e+01 6.817396016799891356e+01
1.479199295488416226e+02 4.481161089283295240e+01 6.868574718872781659e+01
1.480703834168811852e+02 4.573695976154992593e+01 6.946545183579461025e+01
1.477349952580950969e+02 4.556401571602764022e+01 6.923221785665899120e+01
1.477816014090231818e+02 4.525524996612924866e+01 6.895576480151740384e+01
1.477027503048367407e+02 4.514767646660344269e+01 6.892907465113128751e+01
1.477381791085218765e+02 4.537041051348055731e+01 6.907390597480016936e+01
1.478841620376642823e+02 4.570979542067470192e+01 6.935212030890123458e+01
1.477238856523506172e+02 4.530686898794201056e+01 6.902140631350765432e+01
1.479267714401842682e+02 4.489574583389784834e+01 6.891451022896626455e+01
1.483109334778485220e+02 4.534372036309443388e+01 6.921751795149708641e+01
1.483646524861129876e+02 4.578790136837827163e+01 6.953834168811813754e+01
1.482860046064218977e+02 4.587264598292914286e+01 6.954762227340468428e+01
1.484968161495732204e+02 4.525958542202953794e+01 6.899586776859504766e+01
1.489839452648692486e+02 4.518777943368107231e+01 6.924007587047825041e+01
1.491646795827123810e+02 4.606909632841078661e+01 7.011285733640427509e+01
1.489605067064083528e+02 4.657160276385313580e+01 7.041979406584474077e+01
1.489771033735266315e+02 4.604850291288443032e+01 7.007139953935781307e+01
1.491297249695163316e+02 4.579643679718195415e+01 6.987271372442758377e+01
1.493662105405771570e+02 4.625010161224766136e+01 7.028857878336269494e+01
1.492400758704782504e+02 4.678783362687982361e+01 7.062491532312694176e+01
1.493384365262159577e+02 4.675314997967755204e+01 7.061177347242920632e+01
1.489089554260940247e+02 4.611123154044167194e+01 6.996958406719956258e+01
1.483632299146457001e+02 4.582116244411326278e+01 6.949932258501557669e+01
1.481230863026690088e+02 4.628756266088605997e+01 6.986776859504132631e+01
1.479137650724834145e+02 4.660655737704917811e+01 7.002201598699363672e+01
1.477657498983877531e+02 4.627523370816962256e+01 6.984934290746511465e+01
1.477390597480016368e+02 4.532326243056496651e+01 6.908758975748543207e+01
1.477940658447364797e+02 4.523438558460912873e+01 6.918324075328546030e+01
1.478947297114212063e+02 4.617795691640699118e+01 6.973160818317300880e+01
1.476738924265004869e+02 4.659985096870342858e+01 7.009700582576886063e+01
1.475642189405229772e+02 4.630151740956510054e+01 6.981716569570518516e+01
1.473861265411190971e+02 4.546789052973851852e+01 6.889757485435578133e+01
1.472193469719550194e+02 4.476439506841891358e+01 6.815187643950683594e+01
1.472125050806123738e+02 4.509178973038883953e+01 6.843313914103779894e+01
1.471878471751795132e+02 4.526866278282075484e+01 6.852289662647338275e+01
1.475290611028316050e+02 4.501740956509957670e+01 6.838463622815336862e+01
1.476434087522015943e+02 4.443551009348326630e+01 6.766664408616718163e+01
1.479170166644086066e+02 4.453102560628641271e+01 6.769882129792711112e+01
1.479352391274894956e+02 4.451632570112450793e+01 6.759443164882807764e+01
1.481117057309307654e+02 4.402519983742040210e+01 6.723641782956238444e+01
1.485580544641647407e+02 4.521880503996748502e+01 6.844634873323397528e+01
1.476159734453325996e+02 4.526710472835659260e+01 6.826886600731607757e+01
1.483043625524996685e+02 4.398651944181005291e+01 6.732678498848395066e+01
1.495295352933206914e+02 4.410256062864110760e+01 6.775504674163391883e+01
1.472366210540577072e+02 4.388070722124373191e+01 6.683681073025334740e+01
1.480988348462267936e+02 4.465025064354423279e+01 6.779670776317571779e+01
1.498459558325430123e+02 4.502160953800298415e+01 6.868737298469042685e+01
1.479340197805175592e+02 4.354525132095921691e+01 6.675145644221650798e+01
1.479776453055141587e+02 4.356110283159463137e+01 6.681581086573635275e+01
1.500669963419590829e+02 4.432624305649640917e+01 6.825897574854356264e+01
1.496839181682698836e+02 4.438294269069231746e+01 6.815079257553176717e+01
1.485514835388158872e+02 4.471609538002980599e+01 6.807580273675654325e+01
1.484664679582712381e+02 4.436587183308494531e+01 6.773743395203901230e+01
1.496365668608589488e+02 4.384087522015987304e+01 6.776297249695163316e+01
1.487030212708305044e+02 4.371501151605473723e+01 6.741396829697872306e+01
1.466524861129928183e+02 4.367429887549112522e+01 6.674204037393306521e+01
1.476631892697466526e+02 4.458230592060696296e+01 6.778498848394526988e+01
1.483070722124373333e+02 4.443720363094431747e+01 6.790421352120308995e+01
1.470990380707221163e+02 4.337955561577022223e+01 6.648712911529602820e+01
1.467400758704782504e+02 4.332949464842162257e+01 6.639662647337759438e+01
1.476668473106625186e+02 4.369827936593957673e+01 6.718229237230727335e+01
1.480293320688253687e+02 4.416928600460641974e+01 6.778214334101070904e+01
1.469083457526080565e+02 4.333586234927516756e+01 6.659490583931716401e+01
1.471396152282888465e+02 4.254382874949193649e+01 6.613690556835116752e+01
1.485338030077225255e+02 4.302499661292507938e+01 6.707973174366617286e+01
1.480316352797723880e+02 4.367639886194282894e+01 6.742067470532448681e+01
1.468993361333152734e+02 4.378986587183308643e+01 6.719272456306732977e+01
1.475415932800433438e+02 4.330612383145915345e+01 6.718764395068419049e+01
1.477992819401165150e+02 4.291532312694756968e+01 6.706841891342637041e+01
1.475598834846226737e+02 4.367985367836336508e+01 6.761021541796505119e+01
1.470524319197940599e+02 4.446538409429616934e+01 6.816027638531363664e+01
1.478886329765614391e+02 4.421982116244411287e+01 6.820559544777130156e+01
1.484365262159599013e+02 4.365634737840400703e+01 6.792514564422164369e+01
1.478380300772253122e+02 4.340062322178566490e+01 6.701632570112451504e+01
1.479474325972090583e+02 4.388450074515647970e+01 6.738301043219075837e+01
1.488057173824684867e+02 4.433288172334371779e+01 6.800941606828342856e+01
1.487171115025064410e+02 4.417545048096464200e+01 6.787515241837149915e+01
1.487733369462132487e+02 4.358657363500880422e+01 6.744241972632434567e+01
1.496128573364042893e+02 4.374908548977103351e+01 6.784527841755860322e+01
1.500692995529061022e+02 4.404721582441403882e+01 6.828898523235334039e+01
1.498324075328546314e+02 4.443076818859233157e+01 6.851910310256063497e+01
1.497072212437338976e+02 4.406245766156347088e+01 6.818486654924807056e+01
1.503425687576209100e+02 4.400352255791898415e+01 6.822503725782414108e+01
1.504029941742311394e+02 4.462782820755995061e+01 6.864571196314862789e+01
1.497337081696247196e+02 4.471494377455629632e+01 6.849661292507789767e+01
1.494565099580002823e+02 4.451835794607777075e+01 6.837345888091044799e+01
1.491877116921826314e+02 4.405913832813981656e+01 6.805256740279095595e+01
1.486839181682698836e+02 4.374942419726324516e+01 6.769462132502370366e+01
1.478331526893374814e+02 4.391681343991329101e+01 6.759693808427041972e+01
1.476293862620241271e+02 4.404775775640157320e+01 6.767375694350359083e+01
1.475337352662240846e+02 4.407133179785937216e+01 6.764909903807071601e+01
1.470289256198347232e+02 4.373485977509822220e+01 6.729616583118819051e+01
1.470158515106354287e+02 4.402879013683782716e+01 6.749627421758569312e+01
1.473668879555615661e+02 4.447480016257959790e+01 6.816556022219211286e+01
1.473070722124373333e+02 4.449193876168541095e+01 6.810208643815201413e+01
1.471049315810865608e+02 4.424495325836607407e+01 6.782813981845278306e+01
1.471138057173824620e+02 4.365736350088064199e+01 6.743401978051754497e+01
1.472696789052973827e+02 4.372591789730388712e+01 6.752716434087521691e+01
1.472841078444655238e+02 4.434378810459287479e+01 6.793882942690692062e+01
1.469981032380436261e+02 4.409768324075328394e+01 6.765810865736349911e+01
1.471898794201327689e+02 4.352716434087521691e+01 6.728532719143747443e+01
1.473767782143341094e+02 4.331493022625660672e+01 6.713114754098360493e+01
1.475512803143205645e+02 4.354884162037664197e+01 6.731235604931580951e+01
1.478690556835117320e+02 4.389222327597886419e+01 6.764991193605202113e+01
1.480750575802736648e+02 4.368520525674028221e+01 6.753983200108386598e+01
1.479109199295488395e+02 4.327916271507925927e+01 6.722666305378675133e+01
1.480856252540306173e+02 4.315160547351307230e+01 6.710432190760059257e+01
1.483745427448855310e+02 4.338118141173282538e+01 6.729094973580815520e+01
1.484466874407261798e+02 4.344797452919658554e+01 6.734568486654924868e+01
1.485447093889716825e+02 4.306618344397777776e+01 6.700663866684730863e+01
1.484582712369597743e+02 4.268940522964368256e+01 6.667294404552228571e+01
1.487955561577022081e+02 4.288619428261753086e+01 6.696335184934291362e+01
1.493563202818046420e+02 4.342297791627150616e+01 6.748089689743936503e+01
1.496049993225850017e+02 4.361963148624847264e+01 6.766915052160953792e+01
1.494336133315268853e+02 4.288605879962064904e+01 6.687704918032787305e+01
1.494226392087792874e+02 4.279589486519441976e+01 6.680957864787968958e+01
1.495512125728221235e+02 4.316454409971548500e+01 6.726812085083321335e+01
1.491340604254166067e+02 4.336451700311610580e+01 6.741241024251456793e+01
1.483981845278417495e+02 4.297303888362010582e+01 6.685056225443706523e+01
1.478643137786207831e+02 4.263033464300229980e+01 6.634297520661156966e+01
1.475197805175450583e+02 4.305907058664137566e+01 6.662200243869394001e+01
1.470631350765478942e+02 4.340604254166102294e+01 6.691234250101612702e+01
1.467555209321230052e+02 4.295644221650182715e+01 6.657505758027367904e+01
1.465022354694485784e+02 4.238287494919387655e+01 6.611488958135754501e+01
1.464068554396423281e+02 4.252506435442352029e+01 6.618791491667795412e+01
1.464499390326514003e+02 4.293747459693808111e+01 6.648794201327733333e+01
1.469357133179785819e+02 4.299532583660750618e+01 6.694668744072619404e+01
1.467444113263785255e+02 4.258081560764124163e+01 6.644397778078851502e+01
1.466453732556564091e+02 4.199688389107166842e+01 6.595529061102831747e+01
1.466318926974664691e+02 4.165953122883077953e+01 6.555033193334236330e+01
1.469365939574583422e+02 4.207946077767240212e+01 6.596558731879149207e+01
1.470305514157973050e+02 4.233789459422842327e+01 6.627767240211353794e+01
1.467969787291694956e+02 4.186648150657092771e+01 6.588260398320011291e+01
1.469248746782278943e+02 4.149945806801246562e+01 6.536783633653976722e+01
1.470760737027503069e+02 4.177882400758704762e+01 6.562891207153502648e+01
1.470542609402519929e+02 4.228044980354965787e+01 6.594031973987264905e+01
1.470951768053109276e+02 4.235794607776723808e+01 6.607390597480016936e+01
1.471990245224224338e+02 4.190936187508467725e+01 6.579697872916949564e+01
1.470802736756537001e+02 4.182475274353068784e+01 6.568324075328546030e+01
1.473978458203495450e+02 4.221297927110147441e+01 6.604091586505893474e+01
1.475483674298875485e+02 4.252777401436119931e+01 6.624183714943774248e+01
1.476497764530551535e+02 4.266955697060019048e+01 6.627503048367429983e+01
1.473729846904213616e+02 4.212843788104592591e+01 6.573418236011380600e+01
1.476201734182360212e+02 4.251700311610893124e+01 6.598333559138328042e+01
1.476550602899336013e+02 4.304301585151063847e+01 6.633742040373932980e+01
1.475396965180869699e+02 4.276073702750304761e+01 6.600487738788781655e+01
1.475160547351307514e+02 4.220390191031025751e+01 6.558447364855710759e+01
1.470140902316759366e+02 4.182387210405094180e+01 6.506205121257282542e+01
1.469547486790407902e+02 4.246057444790678659e+01 6.557532854626744268e+01
1.469040780382061939e+02 4.272002438693943560e+01 6.575348868716976369e+01
1.465505351578376860e+02 4.212274759517680423e+01 6.550900961929278310e+01
1.465924671453732628e+02 4.175728221108251148e+01 6.532861400894188364e+01
1.469031973987264621e+02 4.199891613602493123e+01 6.571128573364042325e+01
1.470187643950684162e+02 4.236160411868310405e+01 6.616298604525131566e+01
1.469653163527977142e+02 4.257695434223005293e+01 6.631906245766155905e+01
1.470393578105947654e+02 4.234046877116922047e+01 6.612782820755995772e+01
1.472633112044438519e+02 4.217023438558460668e+01 6.599613873458881130e+01
1.472800433545590124e+02 4.265465384094296297e+01 6.633396558731878656e+01
1.471900826446280917e+02 4.302404823194689243e+01 6.662647337759111110e+01
1.469709388971683950e+02 4.295447771304701234e+01 6.646213250237094883e+01
1.472175856929955273e+02 4.282719143747459611e+01 6.657654789323939326e+01
1.474213521203089101e+02 4.287664273133722048e+01 6.686377184663324158e+01
1.474807614144424974e+02 4.327828207559951323e+01 6.733355913832814110e+01
1.476851375152418484e+02 4.382299146457119576e+01 6.780564964097005998e+01
1.478619428261753228e+02 4.342358758975748856e+01 6.778180463351849028e+01
1.477888497493564444e+02 4.296443571331797529e+01 6.738260398320011291e+01
1.478056496409700458e+02 4.298150657092534743e+01 6.733681073025334740e+01
1.483578783362688114e+02 4.339337488145238098e+01 6.789879420132773191e+01
1.486442893916813546e+02 4.359185747188728044e+01 6.804050941606828928e+01
1.484561712505080493e+02 4.354084812356049383e+01 6.796728085625254323e+01
1.484142392629725009e+02 4.337467822788239857e+01 6.778024657905433514e+01
1.484097683240753156e+02 4.332522693401978131e+01 6.777177889174907932e+01
1.486229508196721270e+02 4.378309172198888888e+01 6.803779975613061026e+01
1.488032109470261446e+02 4.401998374204037390e+01 6.828437881045928748e+01
1.487386532990109629e+02 4.380517545048096650e+01 6.812362823465655026e+01
1.488067335049451287e+02 4.370498577428532627e+01 6.805642866820214465e+01
1.490404416745698484e+02 4.405317707627692414e+01 6.824881452377726987e+01
1.486142121663731075e+02 4.391369733098495942e+01 6.793808427042405640e+01
1.482181953664814955e+02 4.349939032651402471e+01 6.746551957729305116e+01
1.476549925484351604e+02 4.362186695569705819e+01 6.735293320688253971e+01
1.469558325430158447e+02 4.404409971548570724e+01 6.751862891207153439e+01
1.468301720634060530e+02 4.448746782278823986e+01 6.782001083863974600e+01
1.468606557377049171e+02 4.474610486383959085e+01 6.808460913155398941e+01
1.468715621189540741e+02 4.519963419590841625e+01 6.836187508467686769e+01
1.465008128979812909e+02 4.493503590299417283e+01 6.804450616447635980e+01
1.464592873594363880e+02 4.438619428261753086e+01 6.742988754911259264e+01
1.465868446010025821e+02 4.482380436255250089e+01 6.783349139682970019e+01
1.463395203901910406e+02 4.543950684189134392e+01 6.814469584067200003e+01
1.465902994174231253e+02 4.565038612654112171e+01 6.837908142528112876e+01
1.468635686221379331e+02 4.503292236824278660e+01 6.802099986451700886e+01
1.466006638666847266e+02 4.453136431377861726e+01 6.757681885923317111e+01
1.466211217992141940e+02 4.507810594770356261e+01 6.802357404145779185e+01
1.471533667524725786e+02 4.559361875084676541e+01 6.857268662782820456e+01
1.472519983742040495e+02 4.532644628099173900e+01 6.861590570383417287e+01
1.467764530551415874e+02 4.478126270153095589e+01 6.783457526080476896e+01
1.464876033057851146e+02 4.449458068012464196e+01 6.748800975477577424e+01
1.467743530686898907e+02 4.470166644086167196e+01 6.756421894052296295e+01
1.468883620105676755e+02 4.475254030619156964e+01 6.757214469584067729e+01
1.467382468500203174e+02 4.443842297791626805e+01 6.726541119089554854e+01
1.467375016935374674e+02 4.398380978187237389e+01 6.689323939845549205e+01
1.469833355913832804e+02 4.420891478119496298e+01 6.711468635686220807e+01
1.471777536919116756e+02 4.468838910716704760e+01 6.754626744343585187e+01
1.469836742988754850e+02 4.448624847581628217e+01 6.728749491938761196e+01
1.469019103102560564e+02 4.416644086167185890e+01 6.715180869800839503e+01
1.473657363500880706e+02 4.442406178024658203e+01 6.749512261211218345e+01
1.473951361604118802e+02 4.502472564693130863e+01 6.794411326378539684e+01
1.477821433410107090e+02 4.600142257146728042e+01 6.891193605202546735e+01
1.483319333423655451e+02 4.705764801517409524e+01 6.968093754233844095e+01
1.481339926839181658e+02 4.666969245359707230e+01 6.932746240346835975e+01
1.476755859639615096e+02 4.606144153908684302e+01 6.866786343313914642e+01
1.473870749220972698e+02 4.520281804633518163e+01 6.780233030754639856e+01
1.468307139953935803e+02 4.411949600325159082e+01 6.669401165153773547e+01
1.465746511312830194e+02 4.319421487603305820e+01 6.579874000812897350e+01
1.462386532990109629e+02 4.279535293320688538e+01 6.545325836607506176e+01
1.456847310662511745e+02 4.247195501964503705e+01 6.520403739330714643e+01
1.453475816285056226e+02 4.215079257553177428e+01 6.491091992954883949e+01
1.444231133992684022e+02 4.115458609944452206e+01 6.366813439913291006e+01
1.442130470125999295e+02 4.032123018561170369e+01 6.295210676060154498e+01
1.445458609944452064e+02 4.014347649370004234e+01 6.290055548028722399e+01
1.447244275843381729e+02 4.042629724969516047e+01 6.329724969516325928e+01
1.449177618208914851e+02 4.085300094838098062e+01 6.366352797723885715e+01
1.448943910039290017e+02 4.068249559680260319e+01 6.336512667660208820e+01
1.448124915323126913e+02 4.017673756943503349e+01 6.303366752472564372e+01
1.447740143611976578e+02 4.011854762227340387e+01 6.285239127489499822e+01
1.448076818859233299e+02 4.067490854897710051e+01 6.329752066115702291e+01
1.451772117599241199e+02 4.158013819265681832e+01 6.423282753014497359e+01
1.454559680260127266e+02 4.154484487196857145e+01 6.455724156618344978e+01
1.454650453868039506e+02 4.148489364584744266e+01 6.458908007045116051e+01
1.458827394661969947e+02 4.175985638802330158e+01 6.493971006638666665e+01
1.461464571196314921e+02 4.202025470803414464e+01 6.532543015851510404e+01
1.462172469855033228e+02 4.194960032515919579e+01 6.518994716163120984e+01
1.464468906652215026e+02 4.147818723750169312e+01 6.487657498983877247e+01
1.464010974122747655e+02 4.130930768188592594e+01 6.470640834575260669e+01
1.466968567944722963e+02 4.170654382874948851e+01 6.509822517274082543e+01
1.469245359707356613e+02 4.214063135076548150e+01 6.551043219076005641e+01
1.466766020864381517e+02 4.183640428126270194e+01 6.532590434900420462e+01
1.466677956916406913e+02 4.110594770356320282e+01 6.467985367836337218e+01
1.464533261075735027e+02 4.072165018290204586e+01 6.430673350494512874e+01
1.460930090773607901e+02 4.143178431106895943e+01 6.473695976154992593e+01
1.459869258908007055e+02 4.186560086709118167e+01 6.513595718737298057e+01
1.456696247120986243e+02 4.179799485164611639e+01 6.507431242379081482e+01
1.455032515919252205e+02 4.139371358894458552e+01 6.460757349952581308e+01
1.454558325430158447e+02 4.137826852729982363e+01 6.454714808291559791e+01
1.455707221243733898e+02 4.188836201056767550e+01 6.502635144289391178e+01
1.454949871291152874e+02 4.219916000541932277e+01 6.529338842975207058e+01
1.457558596396152382e+02 4.207024793388429629e+01 6.525430158515106882e+01
1.461345346159056930e+02 4.216373120173417988e+01 6.548042270695027867e+01
1.466237637176534463e+02 4.268256333830104410e+01 6.598618073431784126e+01
1.468225850155805574e+02 4.311075734995257847e+01 6.637555886736214461e+01
1.467053922232759930e+02 4.306984148489364372e+01 6.634941064896355556e+01
1.467372307275437038e+02 4.285835252675789064e+01 6.626595312288307582e+01
1.468677685950413263e+02 4.284013006367700882e+01 6.644065844736485360e+01
1.470540577157566702e+02 4.288517816014090300e+01 6.660066386668472660e+01
1.472786207830917249e+02 4.320844059070586951e+01 6.738192656821568960e+01
1.474214198618073510e+02 4.342060696382603879e+01 6.752404823194689243e+01
1.472217179244004797e+02 4.323485977509822220e+01 6.728194011651537210e+01
1.475888768459558378e+02 4.359084134941064548e+01 6.763297656144153791e+01
1.477414307004470970e+02 4.397330984961387657e+01 6.797669692453597179e+01
1.476883213656685996e+02 4.351212572822110758e+01 6.760195095515513231e+01
1.475297385178160141e+02 4.243869394391003880e+01 6.646755182224630687e+01
1.473444655195772839e+02 4.198726459829291713e+01 6.596111637989432097e+01
1.473928329494648324e+02 4.252635144289391889e+01 6.641755859639614812e+01
1.476212572822110758e+02 4.297791627150792237e+01 6.670789865871833513e+01
1.477901368378268501e+02 4.300684189134263846e+01 6.680998509687034925e+01
1.478408074786614179e+02 4.288206205121257142e+01 6.677475951768053619e+01
1.479827936593957531e+02 4.279684324617260671e+01 6.685930090773608470e+01
1.483238721040509347e+02 4.316434087522016227e+01 6.719963419590841625e+01
1.483769814388294321e+02 4.372334372036309702e+01 6.763717653434494537e+01
1.484861129928194146e+02 4.395278417558596118e+01 6.788409429616582713e+01
1.487891207153502364e+02 4.390373933071399648e+01 6.813128302398048675e+01
1.490207966400216719e+02 4.434243327462403528e+01 6.808725104999322753e+01
1.488756266088605855e+02 4.452492887142663847e+01 6.797906787698143205e+01
1.482563338301043245e+02 4.413467009890258907e+01 6.741423926297250091e+01
1.475676060154450511e+02 4.345210676060154498e+01 6.639737162986045860e+01
1.470057580273675626e+02 4.315885381384636332e+01 6.586424603712234216e+01
1.466792440048773756e+02 4.325585963961523106e+01 6.624630808833491358e+01
1.466411732827530159e+02 4.368208914781195062e+01 6.704647066793117460e+01
1.462833626879826454e+02 4.379684324617260671e+01 6.711041864246037392e+01
1.460726188863297637e+02 4.330199160005419401e+01 6.679867226663053259e+01
1.462413629589486561e+02 4.316115702479338978e+01 6.677557241566184132e+01
1.467321501151605503e+02 4.367199566454409876e+01 6.741457797046470546e+01
1.469125457255114497e+02 4.408616718601815165e+01 6.785686221379216931e+01
1.471383958813168817e+02 4.381391410377997886e+01 6.783999458068012700e+01
1.474683647202276120e+02 4.390712640563609170e+01 6.808244140360385188e+01
1.475844059070586525e+02 4.444777130470126281e+01 6.861292507790273021e+01
1.478185882671724585e+02 4.479555615770220811e+01 6.896870342771981655e+01
1.476943503590299542e+02 4.455568351171928043e+01 6.860554125457255736e+01
1.476162444113263916e+02 4.432353339655873015e+01 6.825755317707627512e+01
1.479300230321094602e+02 4.476182089147811638e+01 6.851016122476629278e+01
1.481608860587996332e+02 4.510967348597750970e+01 6.876337894594227862e+01
1.482293049722259752e+02 4.487115566996342153e+01 6.873594363907329807e+01
1.482654789323939895e+02 4.463731201734182008e+01 6.864449261617666309e+01
1.485987671047283527e+02 4.493503590299417283e+01 6.900142257146728753e+01
1.490059612518628853e+02 4.548116786343313578e+01 6.971656957051889947e+01
1.491263378945942293e+02 4.550060967348597529e+01 6.987406855439641618e+01
1.488599105812220671e+02 4.540326514022490301e+01 6.950792575531771433e+01
1.488357268662782928e+02 4.543930361739601409e+01 6.938890394255520278e+01
1.487876304023845080e+02 4.597967755046741445e+01 6.968208914781195062e+01
1.489693808427042541e+02 4.638734588809104764e+01 7.016176669827936507e+01
1.490068418913426456e+02 4.667734724292101589e+01 7.032048502912884658e+01
1.492704240617802327e+02 4.677929819807614109e+01 7.044966806665763670e+01
1.494682292372307302e+02 4.662322178566589770e+01 7.050670640834574954e+01
1.495164611841213969e+02 4.650060967348597529e+01 7.047270017612790127e+01
1.496727408210269630e+02 4.657844465519577426e+01 7.059307681885923103e+01
1.493419590841349418e+02 4.639581357539628925e+01 7.033247527435307234e+01
1.487221243733911535e+02 4.633464300230320987e+01 7.014727001761278302e+01
1.478276656279636825e+02 4.632834304294811290e+01 6.979460777672402116e+01
1.474300907736079012e+02 4.607824143070044443e+01 6.953983200108386598e+01
1.471524861129928183e+02 4.575016935374610227e+01 6.915045386803956262e+01
1.469928871426635908e+02 4.551923858555750968e+01 6.894316488280720989e+01
1.471154315133450723e+02 4.537569435035902643e+01 6.903969651808698416e+01
1.472909497358081694e+02 4.564103779975613406e+01 6.917944722937271251e+01
1.472328275301449594e+02 4.578424332746240566e+01 6.924718872781465961e+01
1.474443164882807196e+02 4.568100528383688186e+01 6.927929819807614820e+01
1.474721582441403598e+02 4.533369462132502292e+01 6.891288443300365429e+01
1.475548028722395202e+02 4.562633789459422928e+01 6.911285733640427509e+01
1.477561306056090018e+02 4.590543286817504054e+01 6.936973309849614111e+01
1.478603170302127126e+02 4.638768459558325219e+01 6.986275572415661372e+01
1.476847310662511745e+02 4.611732827530144618e+01 6.948516461184121340e+01
1.474208101883213544e+02 4.588267172469855382e+01 6.916176669827936507e+01
1.475719414713453546e+02 4.581432055277062432e+01 6.918107302533532277e+01
1.474057715756672451e+02 4.548807749627421515e+01 6.893998103238043029e+01
1.472406178024657777e+02 4.526622408887684657e+01 6.873567267307953443e+01
1.474697195501964586e+02 4.561251862891207054e+01 6.898807749627421515e+01
1.478017206340604162e+02 4.585320417287630335e+01 6.879887549112586953e+01
1.476559409294133616e+02 4.581682698821298061e+01 6.878817233437203527e+01
1.476446958406720000e+02 4.597574854355778484e+01 6.903895136160411994e+01
1.478532041728763033e+02 4.619733098496138979e+01 6.925369191166508642e+01
1.482060018967619612e+02 4.672070180192385891e+01 6.969428261753149911e+01
1.481087928464977779e+02 4.681709795420674425e+01 6.980802059341552024e+01
1.479584744614550971e+02 4.695020999864517108e+01 6.987379758840265254e+01
1.478744750033870616e+02 4.685422029535293120e+01 6.963114754098360493e+01
1.480235740414578061e+02 4.688985232353339683e+01 6.959477035632028219e+01
1.480663189269746738e+02 4.721182766562796473e+01 6.990861671860182014e+01
1.481644763582170299e+02 4.728945942284243387e+01 7.002452242243597880e+01
1.485592738111367055e+02 4.763643137786208115e+01 7.054071264056361201e+01
1.485124644357133263e+02 4.749925484351713578e+01 7.049065167321501235e+01
1.485747188727814603e+02 4.755575125321772134e+01 7.062491532312694176e+01
1.484500745156482822e+02 4.741816826988213052e+01 7.037061373797588715e+01
1.479234521067606067e+02 4.648299688389106876e+01 6.948787427177889242e+01
1.471295894865194498e+02 4.640306191572957317e+01 6.895522286952987656e+01
1.469348326784988501e+02 4.655148353881588008e+01 6.903563202818045852e+01
1.464441810052838377e+02 4.674041457797046206e+01 6.893083593009077958e+01
1.460517545048096508e+02 4.640590705866414112e+01 6.868689879420132627e+01
1.459789323939845644e+02 4.621365668608589772e+01 6.846220024386938974e+01
1.461990922639208748e+02 4.606760601544505818e+01 6.898394526486926281e+01
1.461041864246037107e+02 4.581052702885787653e+01 6.887400081289797527e+01
1.459989161360249170e+02 4.559138328139818697e+01 6.892385855575125220e+01
1.459626066928600494e+02 4.552472564693130863e+01 6.892914239262972842e+01
1.460434900419997177e+02 4.560723479203360142e+01 6.897967755046741445e+01
1.463196043896491005e+02 4.575396287765885717e+01 6.911258637041051145e+01
1.463634331391410512e+02 4.595447771304701234e+01 6.916346023574041624e+01
1.465432868175043950e+02 4.661197669692453616e+01 6.962931852052567194e+01
1.465900961929277742e+02 4.686255249966129099e+01 6.971406313507654318e+01
1.466235604931580951e+02 4.666535699769679013e+01 6.949688389107167552e+01
1.468812491532312663e+02 4.700812897981302996e+01 6.979034006232217280e+01
1.468053109334778412e+02 4.779894323262430333e+01 7.057349952580950969e+01
1.470623899200650442e+02 4.883721717924400707e+01 7.161502506435442683e+01
1.469888903942555203e+02 4.918012464435713582e+01 7.198550331933341795e+01
1.472994174231133968e+02 4.931093347784852909e+01 7.224434358488009877e+01
1.476339926839181658e+02 4.964456035767511111e+01 7.258189947161631039e+01
1.480323804362552380e+02 4.997967755046741445e+01 7.288260398320011291e+01
1.485053515783769171e+02 5.013060560899607054e+01 7.324962742175857500e+01
1.487643273269204656e+02 5.060594770356320282e+01 7.370810188321365786e+01
1.490344126812085221e+02 5.160635415255385539e+01 7.478857878336269494e+01
1.493236688795556120e+02 5.220762769272456438e+01 7.553949329359164722e+01
1.492681208508332134e+02 5.202641918439235980e+01 7.527950142257147093e+01
1.495132773336946173e+02 5.182949464842162257e+01 7.521446958406720285e+01
1.500329223682427937e+02 5.246538409429616934e+01 7.598597750982251853e+01
1.500462674434358519e+02 5.348868716976019755e+01 7.664767646660344269e+01
1.492369597615499117e+02 5.311651537732014816e+01 7.590434900419997177e+01
1.485996477442081130e+02 5.201578376913697355e+01 7.453095786478796470e+01
1.482979948516461093e+02 5.221595989703292418e+01 7.446640021677279719e+01
1.478823330172063493e+02 5.304213521203089243e+01 7.457573499525808813e+01
1.481041864246037107e+02 5.325267578918845857e+01 7.476737569435036335e+01
1.475705866413765079e+02 5.256496409700582717e+01 7.411997019374068429e+01
1.475298740008128959e+02 5.240251998374203879e+01 7.403509009619293124e+01
1.479233166237637249e+02 5.315858284785259258e+01 7.495542609402519929e+01
1.482008535428803668e+02 5.347811949600325221e+01 7.535245901639343913e+01
1.481751795149708641e+02 5.337522015986993296e+01 7.531594634873323457e+01
1.484869258908007055e+02 5.344716163121528041e+01 7.539127489500067725e+01
1.485776994987129171e+02 5.346836472022761200e+01 7.536065573770491710e+01
1.488221785665898835e+02 5.346985503319333333e+01 7.518324075328546030e+01
1.487341823601138060e+02 5.342521338572009171e+01 7.513480558189947089e+01
1.485671318249559647e+02 5.329813033464300531e+01 7.495678092399403170e+01
1.486318926974664691e+02 5.299925484351713578e+01 7.471182766562796473e+01
1.488860587996206561e+02 5.305974800162579896e+01 7.481804633518493119e+01
1.491505893510364444e+02 5.374644357133179540e+01 7.542467145373255732e+01
1.491690827801110970e+02 5.377909497358081836e+01 7.540224901774827515e+01
1.494775098225172769e+02 5.286912342501015871e+01 7.476215959897032803e+01
1.498095109063812629e+02 5.266766020864381659e+01 7.490204579325295242e+01
1.502670369868581588e+02 5.353962877658853614e+01 7.592589080070450791e+01
1.502781465926026385e+02 5.425314997967755204e+01 7.665221514699905470e+01
1.505600189676195555e+02 5.399668066657634569e+01 7.640773607912207410e+01
1.506683376236282470e+02 5.385720092128438097e+01 7.638002980625931571e+01
1.509530551415797390e+02 5.411827665627964024e+01 7.673248882265275483e+01
1.512450887413629630e+02 5.436526215959897002e+01 7.705974800162579186e+01
1.513762362823465537e+02 5.432041728763040567e+01 7.705730930768189069e+01
1.512128437881046068e+02 5.407918981167863137e+01 7.680707221243733329e+01
1.512365533125592663e+02 5.409151876439506879e+01 7.681791085218804938e+01
1.517366887955561481e+02 5.452140631350765432e+01 7.728038206205121696e+01
1.519668744072618836e+02 5.494147134534615873e+01 7.767856658989296648e+01
1.517126405636092557e+02 5.513778620783092066e+01 7.796355507383823635e+01
1.517518628912071676e+02 5.532156889310391534e+01 7.826358217043761556e+01
1.520011516054735239e+02 5.501558054464165082e+01 7.827767240211353794e+01
1.515723479203360000e+02 5.471487603305784830e+01 7.792257146728086070e+01
1.506900826446280917e+02 5.429704647066792944e+01 7.746247120986316759e+01
1.504721582441403598e+02 5.438422977916271606e+01 7.739818452784174951e+01
1.503795556157702151e+02 5.443049722259856082e+01 7.747425823059205641e+01
1.502075599512261306e+02 5.452106760601544266e+01 7.750196450345481480e+01
1.502549112586370370e+02 5.477110147676466312e+01 7.768832136566861379e+01
1.502025470803414180e+02 5.453393849071941446e+01 7.757187372984689944e+01
1.503796233572686560e+02 5.460154450616447974e+01 7.783376236282346383e+01
1.504470261482184128e+02 5.483071399539358026e+01 7.802472564693131574e+01
1.505239804904484515e+02 5.525118547622273724e+01 7.833037528790136150e+01
1.506925890800704622e+02 5.514164747324210936e+01 7.820295352933206345e+01
1.505970058257688606e+02 5.470620512125728396e+01 7.785835252675789775e+01
1.506423248882265398e+02 5.477265953122883246e+01 7.778566589892967897e+01
1.506631892697466526e+02 5.486722666305378482e+01 7.764476358217044094e+01
1.507661563473783986e+02 5.491139412003793296e+01 7.760317030212708289e+01
1.506656957051889947e+02 5.445434223005013052e+01 7.722212437339113933e+01
1.507278146592602752e+02 5.406882536241701587e+01 7.692697466467957668e+01
1.511060831865600846e+02 5.416156347378404234e+01 7.726561441539087127e+01
1.515928735943639083e+02 5.455229643679718521e+01 7.767707627692725225e+01
1.515965316352797743e+02 5.449878065302804231e+01 7.758664137650724513e+01
1.513622815336675274e+02 5.413487332339791180e+01 7.702438693943909698e+01
1.512207695434223069e+02 5.371128573364043035e+01 7.656882536241701587e+01
1.514248069367294534e+02 5.391308765749898413e+01 7.652086438152011283e+01
1.511461184121392876e+02 5.375992412952174249e+01 7.619258908007044795e+01
1.515338707492209664e+02 5.407492209727679011e+01 7.661190895542608814e+01
1.520135482996883809e+02 5.447249695163257144e+01 7.697330984961386946e+01
1.520173418236011287e+02 5.452208372849207763e+01 7.696829697872917109e+01
1.519193876168540953e+02 5.445380029806259614e+01 7.692304565776994707e+01
1.523653299010974251e+02 5.445664544099715698e+01 7.702418371494377425e+01
1.526482183985909842e+02 5.489859097683240918e+01 7.744174231133992237e+01
1.526751117734724232e+02 5.512159598970329455e+01 7.774176940793930157e+01
1.522075599512261306e+02 5.494912613467010232e+01 7.749153231269475839e+01
1.521437474596937989e+02 5.461082509145101938e+01 7.713345075193063849e+01
1.516743666169895732e+02 5.435591383281398237e+01 7.680890123289526628e+01
1.512400081289798095e+02 5.457282211082509349e+01 7.690685543964232807e+01
1.507352662240888890e+02 5.485300094838098062e+01 7.689960709930903704e+01
1.506318249559680282e+02 5.434690421352120637e+01 7.720640834575260669e+01
1.505000677414984409e+02 5.414611841213927335e+01 7.706990922639208463e+01
1.503149979677550334e+02 5.415885381384636332e+01 7.704078038206205292e+01
1.504035361062186666e+02 5.424962742175856789e+01 7.697595176805310757e+01
1.508473784040102998e+02 5.449640970058257494e+01 7.735191708440591185e+01
1.509799485164611781e+02 5.489892968432461373e+01 7.780056902858690648e+01
1.510293998103238096e+02 5.485828478525944973e+01 7.784663324752743563e+01
1.511509280585286490e+02 5.413832813981845504e+01 7.730619157295758725e+01
1.509937677821433510e+02 5.389825226934019753e+01 7.707370275030483242e+01
1.508805039967484163e+02 5.433762362823465963e+01 7.744235198482590476e+01
1.511533667524725786e+02 5.462267985367836332e+01 7.777333694621324867e+01
1.514174231133992805e+02 5.479169489229101941e+01 7.785936864923452561e+01
1.511172605338030053e+02 5.459361875084676541e+01 7.766285056225443384e+01
1.510915187643950617e+02 5.457925755317707939e+01 7.741437474596938273e+01
1.515419319875355768e+02 5.448320010838639860e+01 7.739208779298198237e+01
1.518763040238449946e+02 5.475762091857471603e+01 7.774048231946891008e+01
1.519906516732150124e+02 5.486925890800704764e+01 7.788951361604118517e+01
1.524712098631621870e+02 5.500806123831458905e+01 7.809355100934833160e+01
1.529296165831188148e+02 5.520024386939439154e+01 7.831770762769272665e+01
1.527454951903536085e+02 5.529765614415391184e+01 7.812857336404280773e+01
1.525751930632705466e+02 5.527977238856523456e+01 7.813859910581221868e+01
1.528991329088199507e+02 5.527083051077089948e+01 7.814686356862213756e+01
1.531560086709118025e+02 5.552370952445468077e+01 7.835361062186694880e+01
1.530206611570247901e+02 5.565099580002709700e+01 7.840604254166102294e+01
1.530512803143205645e+02 5.555487061373797530e+01 7.849214198618074079e+01
1.534069909226392099e+02 5.567050535157837743e+01 7.871819536648150972e+01
1.530892155534480423e+02 5.578532719143747443e+01 7.872354694485842685e+01
1.519802194824549417e+02 5.563345075193063138e+01 7.824549519035360845e+01
1.516360926703698624e+02 5.530111096057444797e+01 7.810350900961928744e+01
1.515879962064760775e+02 5.561265411190895236e+01 7.826866278282075484e+01
1.514458745427448889e+02 5.607458338978458556e+01 7.850684189134263136e+01
1.510186966535699753e+02 5.595129386262023985e+01 7.825687576209185181e+01
1.509101747730659895e+02 5.575775640157160495e+01 7.801341281669149907e+01
1.511115702479338836e+02 5.596511312830239859e+01 7.818920200514835983e+01
1.510520932123018554e+02 5.622469855033193653e+01 7.855798672266629978e+01
1.507910174773066103e+02 5.618628912071535098e+01 7.839445874542744264e+01
1.507497629047554426e+02 5.597764530551415874e+01 7.803075464029264197e+01
1.503792169082780106e+02 5.543645847446145325e+01 7.750453868039561200e+01
1.503009077360791252e+02 5.506008670911800351e+01 7.718561170573093477e+01
1.500401707085760847e+02 5.459653163527977426e+01 7.671663731201734038e+01
1.500815607641241058e+02 5.447439371358894533e+01 7.667064083457526635e+01
1.503393849071941588e+02 5.491369733098495942e+01 7.703278688524589768e+01
1.500506028993361269e+02 5.522855981574312523e+01 7.729636905568351324e+01
1.501647473242108219e+02 5.561482183985909700e+01 7.763785394932935446e+01
1.503944587454274426e+02 5.546152282888497353e+01 7.747385178160141095e+01
1.504367294404552240e+02 5.512931852052567194e+01 7.721846633247527336e+01
1.506139412003793439e+02 5.533769136973310054e+01 7.747656144153908997e+01
1.508565912477984057e+02 5.519062457661563315e+01 7.745014225714672307e+01
1.513240075870478165e+02 5.510201869665357322e+01 7.762220566318926274e+01
1.508697330984961411e+02 5.470573093076819049e+01 7.716535699769679013e+01
1.509012328952716473e+02 5.491295217450210231e+01 7.740983606557377072e+01
1.512084405907058624e+02 5.498590976832407762e+01 7.760567673756943918e+01
1.512742853271914498e+02 5.499918710201869487e+01 7.774386939439099820e+01
1.514794065844736508e+02 5.525152418371494178e+01 7.785171385991057491e+01
1.511401571602763738e+02 5.496504538680395768e+01 7.739391681343991536e+01
1.511418506977374250e+02 5.475511448313236684e+01 7.686790407803820813e+01
1.513530009483809806e+02 5.508115431513345328e+01 7.717673756943503349e+01
1.509824549519035486e+02 5.510384771711149909e+01 7.706713182495596470e+01
1.511645440997154992e+02 5.548645170031161200e+01 7.742250372578241979e+01
1.503531364313778624e+02 5.498584202682563671e+01 7.687515241837149915e+01
1.487190082644628149e+02 5.411529603034819047e+01 7.610797994851645853e+01
1.480341417152147301e+02 5.383498170979542152e+01 7.579596260669285357e+01
1.471700989025877391e+02 5.341891342636499473e+01 7.536614279907871605e+01
1.461850020322449666e+02 5.300108386397506877e+01 7.488761685408481128e+01
1.449135618479880634e+02 5.310438964909904058e+01 7.459673485977509699e+01
1.447887820078580035e+02 5.329724969516325928e+01 7.483491396829697351e+01
1.453531364313778624e+02 5.323167592467145681e+01 7.498157431242378834e+01
1.451755859639615096e+02 5.200101612247662786e+01 7.374535970735672663e+01
1.444899742582306033e+02 5.115384094296165784e+01 7.281222056631892769e+01
1.451630537867497708e+02 5.082170437610079716e+01 7.274563067335049027e+01
1.460599512261211146e+02 5.166508603170301939e+01 7.369699227746917813e+01
1.462589080070451075e+02 5.228105947703563317e+01 7.428627557241566137e+01
1.464225037257824056e+02 5.259876710472835981e+01 7.471399539357810227e+01
1.466388700718059965e+02 5.260438964909904058e+01 7.489344262295081478e+01
1.468548977103373545e+02 5.286072347920335801e+01 7.543219076005961199e+01
1.467173824685002046e+02 5.257566725375965433e+01 7.520376642731336858e+01
1.469386939439100388e+02 5.200027096599377074e+01 7.488395881316894531e+01
1.478011109605744480e+02 5.215038612654112171e+01 7.526961116379894179e+01
1.478613331526893262e+02 5.301388700718059965e+01 7.609815743124238452e+01
1.478872781465925925e+02 5.391423926297249380e+01 7.694370681479473717e+01
1.484735130741092064e+02 5.462430564964097357e+01 7.768208914781195062e+01
1.484681614957322893e+02 5.444851646118411992e+01 7.757749627421758021e+01
1.487549790001354779e+02 5.494140360384771782e+01 7.811258637041051145e+01
1.492065438287494885e+02 5.605649640970058556e+01 7.914307004470938978e+01
1.494626066928600494e+02 5.645996477442081130e+01 7.938951361604118517e+01
1.493481913019915908e+02 5.650060967348597529e+01 7.922632434629454679e+01
1.491977374339520281e+02 5.644926161766698414e+01 7.915241837149437742e+01
1.497746240346836544e+02 5.658860587996206704e+01 7.918263107979949211e+01
1.496641376507248253e+02 5.595982929142392948e+01 7.850318385042676539e+01
1.485722124373391182e+02 5.555148353881588008e+01 7.802242243598428217e+01
1.483740008128979753e+02 5.575626608860587652e+01 7.827638531364313224e+01
1.480451835794607689e+02 5.637420403739330510e+01 7.878932393984554494e+01
1.479392358758975661e+02 5.684019780517544973e+01 7.932251727408210229e+01
1.472781465926026385e+02 5.651375152418371783e+01 7.889594905839317107e+01
1.468542880368513863e+02 5.563595718737298768e+01 7.805473513074109349e+01
1.468338978458203599e+02 5.529108521880503702e+01 7.779941742311339681e+01
1.472337759111231605e+02 5.578783362687982361e+01 7.821758569299552732e+01
1.473143205527706243e+02 5.610716705053516051e+01 7.849593551009348857e+01
1.470714672808562398e+02 5.565384094296165784e+01 7.816481506570924864e+01
1.472259178973039013e+02 5.533166237637176721e+01 7.803793523912749208e+01
1.472359436390732981e+02 5.531811407668337921e+01 7.800311610892832448e+01
1.474655195772930369e+02 5.550067741498441620e+01 7.823431784311068782e+01
1.475259449939032663e+02 5.584358488009754495e+01 7.845136160411868786e+01
1.476623763717653333e+02 5.602391274895000350e+01 7.872693401978051497e+01
1.471391410377997602e+02 5.571589215553448327e+01 7.836770085354288540e+01
1.471959084134940952e+02 5.560933477848529805e+01 7.820695027774014818e+01
1.474515648286140106e+02 5.546728085625254323e+01 7.815858284785259968e+01
1.476833084947839154e+02 5.578254979000135449e+01 7.833735266224088889e+01
1.476631892697466526e+02 5.575701124508874074e+01 7.832644628099173190e+01
1.475651673215011499e+02 5.567206340604253967e+01 7.812044438422978487e+01
1.477084405907058624e+02 5.575281127218534039e+01 7.802743530686899476e+01
1.477200921284378694e+02 5.580212708305107583e+01 7.805873187914916400e+01
1.476500474190489172e+02 5.569834710743801764e+01 7.780849478390462082e+01
1.474512261211218060e+02 5.546050670640834568e+01 7.745901639344262435e+01
1.473736621054057707e+02 5.520356320281804585e+01 7.722036309443164726e+01
1.478978458203495450e+02 5.581486248475816581e+01 7.772002438693944271e+01
1.483116108928329595e+02 5.645800027096599649e+01 7.848374204037394009e+01
1.487870884703969523e+02 5.679420132773336860e+01 7.894946484216231397e+01
1.491075057580273722e+02 5.714869258908007055e+01 7.930023032109470194e+01
1.495832543015851570e+02 5.780707221243734040e+01 8.030158515106354855e+01
1.498954748679040847e+02 5.846138734588809172e+01 8.133877523370817642e+01
1.497500338707492347e+02 5.861834439777808115e+01 8.159639615228289244e+01
1.491379894323262363e+02 5.869367294404552382e+01 8.180226256604795765e+01
1.485982251727408254e+02 5.877360791220701941e+01 8.182773336946213760e+01
1.485359029941742222e+02 5.871060831865600704e+01 8.172815336675246556e+01
1.482433274624034709e+02 5.861820891478119222e+01 8.150670640834574954e+01
1.482699498712911463e+02 5.889676195637447620e+01 8.170742446822923455e+01
1.481638666847310617e+02 5.894418100528383775e+01 8.154213521203088533e+01
1.482011922503725714e+02 5.914977645305513931e+01 8.173648557106082535e+01
1.484947839046199647e+02 5.940238450074515697e+01 8.196789052973851142e+01
1.487875626608860671e+02 5.983525267578918516e+01 8.236038477171115346e+01
1.483618073431784410e+02 5.947236146863568962e+01 8.183057851239669844e+01
1.482367565370545890e+02 5.826568215688931218e+01 8.060235740414577776e+01
1.488050399674840776e+02 5.881364313778620811e+01 8.117064083457526635e+01
1.485403739330714075e+02 5.991383281398184835e+01 8.210384771711150620e+01
1.484205392223275908e+02 5.985950413223140743e+01 8.234649776453055381e+01
1.493586912342501023e+02 5.859910581222056436e+01 8.171616312152825401e+01
1.490054193198753580e+02 5.776994987129115344e+01 8.100196450345481480e+01
1.484558325430158447e+02 5.854132231404958731e+01 8.165783769136973547e+01
1.495062322178566490e+02 6.018391816826988361e+01 8.351449668066658205e+01
1.503120173418236050e+02 6.051205798672266667e+01 8.394485842026826106e+01
1.497448855168676403e+02 5.974197263243463141e+01 8.313941200379352381e+01
1.495036580409158660e+02 5.906157702208373195e+01 8.252587725240482541e+01
1.500501964503454815e+02 5.898340333288172133e+01 8.272835659124780250e+01
1.503998103238043598e+02 5.945556157702208111e+01 8.318974393713588711e+01
1.494147134534615873e+02 5.903502235469448323e+01 8.241498441945536513e+01
1.495856252540306173e+02 5.856896084541389769e+01 8.196240346836472668e+01
1.511643408752201481e+02 5.956733504945129454e+01 8.332387210405093469e+01
1.499103779975613122e+02 5.894045522286953087e+01 8.238836201056767550e+01
1.486102154179650370e+02 5.811278959490584128e+01 8.115688931039154852e+01
1.499210134128167056e+02 5.844086167186018344e+01 8.152655466738924872e+01
1.500874542744885503e+02 5.862383145915187299e+01 8.181872375016935450e+01
1.489298198076141375e+02 5.938551686763311466e+01 8.215038612654112171e+01
1.480972767917626243e+02 5.937122341146186244e+01 8.183051077089825753e+01
1.484435713317978696e+02 5.887914916677956967e+01 8.147405500609673368e+01
1.482509145102289665e+02 5.844628099173553437e+01 8.101883213656685712e+01
1.477494241972632381e+02 5.844905839317165430e+01 8.075118547622273013e+01
1.482105405771575590e+02 5.924962742175856789e+01 8.173364042812626451e+01
1.488250237095244586e+02 5.964855710608318873e+01 8.227347242921013049e+01
1.484152553854491146e+02 5.995610350900962260e+01 8.264408616718601763e+01
1.476051348055819119e+02 5.998590976832407762e+01 8.263202818046335096e+01
1.484309714130876614e+02 6.026940793930361906e+01 8.318615363771846205e+01
1.492972496951632593e+02 6.116278282075599293e+01 8.419929548841619749e+01
1.485305514157973050e+02 6.141871020186966490e+01 8.418730524319198594e+01
1.488078173689202117e+02 6.125518222463080775e+01 8.388538138463623284e+01
1.502942690692318024e+02 6.126398861942826102e+01 8.418086980084000004e+01
1.493860587996206561e+02 6.085557512532177071e+01 8.352912884433003171e+01
1.482951497087115627e+02 6.072070180192385891e+01 8.299525809510906527e+01
1.486826310797994779e+02 6.029569164069908993e+01 8.278830781736891709e+01
1.493571331797859330e+02 6.010093483267849734e+01 8.281140766833762257e+01
1.492661563473783986e+02 5.998394526486925571e+01 8.272896626473377069e+01
1.487826852729982363e+02 6.017409565099580249e+01 8.259693808427041972e+01
1.496163121528248325e+02 6.003177076276926982e+01 8.294255520932122749e+01
1.501031703021270971e+02 6.061197669692453616e+01 8.365160547351307230e+01
1.498998103238043598e+02 6.085042677144018342e+01 8.361665086031703709e+01
1.501954342230050088e+02 6.115309578647879363e+01 8.394668744072619404e+01
1.506424603712234216e+02 6.152994174231133684e+01 8.440468771169217632e+01
1.506505216095380035e+02 6.170667931174637744e+01 8.453170302127082891e+01
1.502616854084812417e+02 6.135415255385449029e+01 8.420586641376507941e+01
1.507333017206340742e+02 6.122883078173688887e+01 8.430788511041863842e+01
1.514133586234927407e+02 6.162965722801788360e+01 8.495488416203765780e+01
1.509605067064083528e+02 6.186397507112857141e+01 8.508264462809917461e+01
1.507256469313101093e+02 6.217192792304565785e+01 8.536289120715349554e+01
1.506775504674163528e+02 6.218459558325429981e+01 8.531303346430023282e+01
1.496944858420268361e+02 6.157925755317707939e+01 8.450873865329900525e+01
1.489962742175856931e+02 6.155222869529873719e+01 8.416027638531363664e+01
1.490319062457661516e+02 6.199654518357946387e+01 8.448692589080070547e+01
1.489100392900691077e+02 6.185747188727814461e+01 8.440529738517815872e+01
1.487251727408210229e+02 6.140746511312830336e+01 8.393022625660479719e+01
1.483004335455900389e+02 6.094865194418100174e+01 8.343178431106896653e+01
1.489044844871968678e+02 6.138592331662376722e+01 8.400812897981303706e+01
1.494763582170437530e+02 6.208054464164747088e+01 8.492006503183850441e+01
1.492908142528112592e+02 6.202513209592196120e+01 8.492832949464842329e+01
1.492484758162850653e+02 6.139290069096328750e+01 8.442419726324345675e+01
1.492140631350765432e+02 6.094120037935238798e+01 8.394418100528383775e+01
1.495231675924671322e+02 6.137623628234656792e+01 8.433606557377049739e+01
1.492103373526622363e+02 6.156354152553854675e+01 8.433464300230320987e+01
1.488851104186424550e+02 6.069258908007044795e+01 8.361861536377185189e+01
1.493086980083999435e+02 6.019556970600189771e+01 8.324922097276791533e+01
1.497228017883755626e+02 6.035049451293862433e+01 8.377455629318519925e+01
1.493366075057580247e+02 6.032793659395746033e+01 8.366989567809240214e+01
1.497110825091451147e+02 6.030287223953394005e+01 8.373330172063405996e+01
1.502160953800297989e+02 5.989168134399132981e+01 8.350629995935510408e+01
1.501852052567402893e+02 5.972524048231947091e+01 8.341159734453326280e+01
1.501310797994851782e+02 5.994113263785394707e+01 8.325992412952174959e+01
1.505082644628099047e+02 6.035462674434358377e+01 8.361705730930768254e+01
1.510175450480964514e+02 6.059158650589350970e+01 8.366650860317029981e+01
1.507775369191166419e+02 6.041796504538680068e+01 8.324983064625389773e+01
1.508163527977238800e+02 6.055832543015851854e+01 8.329365939574583422e+01
1.510396287765885290e+02 6.047717111502506526e+01 8.337007180598834566e+01
1.511711150250643527e+02 6.081432055277062432e+01 8.372144695840671602e+01
1.511861536377184621e+02 6.137291694892291360e+01 8.419821162444112872e+01
1.510978864652486209e+02 6.126446280991735449e+01 8.412234114618615877e+01
1.507406855439642186e+02 6.083193334236553085e+01 8.393049722259856082e+01
1.503208914781195062e+02 6.061482183985909700e+01 8.351029670776317460e+01
1.499626744343584903e+02 6.079826581763988713e+01 8.353603847717111819e+01
1.500390191031025608e+02 6.075944993903264901e+01 8.354382874949193649e+01
1.503465655060289805e+02 6.076005961251863141e+01 8.364517003116108640e+01
1.502394661969922822e+02 6.102032244953258555e+01 8.386458474461454671e+01
1.500268933748814391e+02 6.095000677414984125e+01 8.377103373526622931e+01
1.506168540848123598e+02 6.099939032651402471e+01 8.389838775233708645e+01
1.510675382739466102e+02 6.141268120850833157e+01 8.435598157431242328e+01
1.509766969245359576e+02 6.166102154179650796e+01 8.446585828478525571e+01
1.511196314862484655e+02 6.138477171115025044e+01 8.427679176263379190e+01
1.513468364720227726e+02 6.139703292236823984e+01 8.431946890665221872e+01
1.514342230050128819e+02 6.208128979813033510e+01 8.445901639344262435e+01
1.512261888632976650e+02 6.207526080476900177e+01 8.420640834575260669e+01
1.515666576344668783e+02 6.151707085760737215e+01 8.377503048367429983e+01
1.519073296301314144e+02 6.181845278417558376e+01 8.403265140224901586e+01
1.515529738517815872e+02 6.221033735266224340e+01 8.444133586234927691e+01
